finished launching servers
id: [35 253 73 7 22 199 214 4 69 159 82 200 186 161 209 206 167 94 158 76] ip: 127.0.0.1:16741
Finger table:
ith | start | successor
0   | 205463127123192841703774507470524897124356628045     | [37 21 109 79 134 13 203 239 147 232 168 36 55 209 148 192 218 215 97 65]
1   | 205463127123192841703774507470524897124356628046     | [37 21 109 79 134 13 203 239 147 232 168 36 55 209 148 192 218 215 97 65]
2   | 205463127123192841703774507470524897124356628048     | [37 21 109 79 134 13 203 239 147 232 168 36 55 209 148 192 218 215 97 65]
3   | 205463127123192841703774507470524897124356628052     | [37 21 109 79 134 13 203 239 147 232 168 36 55 209 148 192 218 215 97 65]
4   | 205463127123192841703774507470524897124356628060     | [37 21 109 79 134 13 203 239 147 232 168 36 55 209 148 192 218 215 97 65]
5   | 205463127123192841703774507470524897124356628076     | [37 21 109 79 134 13 203 239 147 232 168 36 55 209 148 192 218 215 97 65]
6   | 205463127123192841703774507470524897124356628108     | [37 21 109 79 134 13 203 239 147 232 168 36 55 209 148 192 218 215 97 65]
7   | 205463127123192841703774507470524897124356628172     | [37 21 109 79 134 13 203 239 147 232 168 36 55 209 148 192 218 215 97 65]
8   | 205463127123192841703774507470524897124356628300     | [37 21 109 79 134 13 203 239 147 232 168 36 55 209 148 192 218 215 97 65]
9   | 205463127123192841703774507470524897124356628556     | [37 21 109 79 134 13 203 239 147 232 168 36 55 209 148 192 218 215 97 65]
10   | 205463127123192841703774507470524897124356629068     | [37 21 109 79 134 13 203 239 147 232 168 36 55 209 148 192 218 215 97 65]
11   | 205463127123192841703774507470524897124356630092     | [37 21 109 79 134 13 203 239 147 232 168 36 55 209 148 192 218 215 97 65]
12   | 205463127123192841703774507470524897124356632140     | [37 21 109 79 134 13 203 239 147 232 168 36 55 209 148 192 218 215 97 65]
13   | 205463127123192841703774507470524897124356636236     | [37 21 109 79 134 13 203 239 147 232 168 36 55 209 148 192 218 215 97 65]
14   | 205463127123192841703774507470524897124356644428     | [37 21 109 79 134 13 203 239 147 232 168 36 55 209 148 192 218 215 97 65]
15   | 205463127123192841703774507470524897124356660812     | [37 21 109 79 134 13 203 239 147 232 168 36 55 209 148 192 218 215 97 65]
16   | 205463127123192841703774507470524897124356693580     | [37 21 109 79 134 13 203 239 147 232 168 36 55 209 148 192 218 215 97 65]
17   | 205463127123192841703774507470524897124356759116     | [37 21 109 79 134 13 203 239 147 232 168 36 55 209 148 192 218 215 97 65]
18   | 205463127123192841703774507470524897124356890188     | [37 21 109 79 134 13 203 239 147 232 168 36 55 209 148 192 218 215 97 65]
19   | 205463127123192841703774507470524897124357152332     | [37 21 109 79 134 13 203 239 147 232 168 36 55 209 148 192 218 215 97 65]
20   | 205463127123192841703774507470524897124357676620     | [37 21 109 79 134 13 203 239 147 232 168 36 55 209 148 192 218 215 97 65]
21   | 205463127123192841703774507470524897124358725196     | [37 21 109 79 134 13 203 239 147 232 168 36 55 209 148 192 218 215 97 65]
22   | 205463127123192841703774507470524897124360822348     | [37 21 109 79 134 13 203 239 147 232 168 36 55 209 148 192 218 215 97 65]
23   | 205463127123192841703774507470524897124365016652     | [37 21 109 79 134 13 203 239 147 232 168 36 55 209 148 192 218 215 97 65]
24   | 205463127123192841703774507470524897124373405260     | [37 21 109 79 134 13 203 239 147 232 168 36 55 209 148 192 218 215 97 65]
25   | 205463127123192841703774507470524897124390182476     | [37 21 109 79 134 13 203 239 147 232 168 36 55 209 148 192 218 215 97 65]
26   | 205463127123192841703774507470524897124423736908     | [37 21 109 79 134 13 203 239 147 232 168 36 55 209 148 192 218 215 97 65]
27   | 205463127123192841703774507470524897124490845772     | [37 21 109 79 134 13 203 239 147 232 168 36 55 209 148 192 218 215 97 65]
28   | 205463127123192841703774507470524897124625063500     | [37 21 109 79 134 13 203 239 147 232 168 36 55 209 148 192 218 215 97 65]
29   | 205463127123192841703774507470524897124893498956     | [37 21 109 79 134 13 203 239 147 232 168 36 55 209 148 192 218 215 97 65]
30   | 205463127123192841703774507470524897125430369868     | [37 21 109 79 134 13 203 239 147 232 168 36 55 209 148 192 218 215 97 65]
31   | 205463127123192841703774507470524897126504111692     | [37 21 109 79 134 13 203 239 147 232 168 36 55 209 148 192 218 215 97 65]
32   | 205463127123192841703774507470524897128651595340     | [37 21 109 79 134 13 203 239 147 232 168 36 55 209 148 192 218 215 97 65]
33   | 205463127123192841703774507470524897132946562636     | [37 21 109 79 134 13 203 239 147 232 168 36 55 209 148 192 218 215 97 65]
34   | 205463127123192841703774507470524897141536497228     | [37 21 109 79 134 13 203 239 147 232 168 36 55 209 148 192 218 215 97 65]
35   | 205463127123192841703774507470524897158716366412     | [37 21 109 79 134 13 203 239 147 232 168 36 55 209 148 192 218 215 97 65]
36   | 205463127123192841703774507470524897193076104780     | [37 21 109 79 134 13 203 239 147 232 168 36 55 209 148 192 218 215 97 65]
37   | 205463127123192841703774507470524897261795581516     | [37 21 109 79 134 13 203 239 147 232 168 36 55 209 148 192 218 215 97 65]
38   | 205463127123192841703774507470524897399234534988     | [37 21 109 79 134 13 203 239 147 232 168 36 55 209 148 192 218 215 97 65]
39   | 205463127123192841703774507470524897674112441932     | [37 21 109 79 134 13 203 239 147 232 168 36 55 209 148 192 218 215 97 65]
40   | 205463127123192841703774507470524898223868255820     | [37 21 109 79 134 13 203 239 147 232 168 36 55 209 148 192 218 215 97 65]
41   | 205463127123192841703774507470524899323379883596     | [37 21 109 79 134 13 203 239 147 232 168 36 55 209 148 192 218 215 97 65]
42   | 205463127123192841703774507470524901522403139148     | [37 21 109 79 134 13 203 239 147 232 168 36 55 209 148 192 218 215 97 65]
43   | 205463127123192841703774507470524905920449650252     | [37 21 109 79 134 13 203 239 147 232 168 36 55 209 148 192 218 215 97 65]
44   | 205463127123192841703774507470524914716542672460     | [37 21 109 79 134 13 203 239 147 232 168 36 55 209 148 192 218 215 97 65]
45   | 205463127123192841703774507470524932308728716876     | [37 21 109 79 134 13 203 239 147 232 168 36 55 209 148 192 218 215 97 65]
46   | 205463127123192841703774507470524967493100805708     | [37 21 109 79 134 13 203 239 147 232 168 36 55 209 148 192 218 215 97 65]
47   | 205463127123192841703774507470525037861844983372     | [37 21 109 79 134 13 203 239 147 232 168 36 55 209 148 192 218 215 97 65]
48   | 205463127123192841703774507470525178599333338700     | [37 21 109 79 134 13 203 239 147 232 168 36 55 209 148 192 218 215 97 65]
49   | 205463127123192841703774507470525460074310049356     | [37 21 109 79 134 13 203 239 147 232 168 36 55 209 148 192 218 215 97 65]
50   | 205463127123192841703774507470526023024263470668     | [37 21 109 79 134 13 203 239 147 232 168 36 55 209 148 192 218 215 97 65]
51   | 205463127123192841703774507470527148924170313292     | [37 21 109 79 134 13 203 239 147 232 168 36 55 209 148 192 218 215 97 65]
52   | 205463127123192841703774507470529400723983998540     | [37 21 109 79 134 13 203 239 147 232 168 36 55 209 148 192 218 215 97 65]
53   | 205463127123192841703774507470533904323611369036     | [37 21 109 79 134 13 203 239 147 232 168 36 55 209 148 192 218 215 97 65]
54   | 205463127123192841703774507470542911522866110028     | [37 21 109 79 134 13 203 239 147 232 168 36 55 209 148 192 218 215 97 65]
55   | 205463127123192841703774507470560925921375592012     | [37 21 109 79 134 13 203 239 147 232 168 36 55 209 148 192 218 215 97 65]
56   | 205463127123192841703774507470596954718394555980     | [37 21 109 79 134 13 203 239 147 232 168 36 55 209 148 192 218 215 97 65]
57   | 205463127123192841703774507470669012312432483916     | [37 21 109 79 134 13 203 239 147 232 168 36 55 209 148 192 218 215 97 65]
58   | 205463127123192841703774507470813127500508339788     | [37 21 109 79 134 13 203 239 147 232 168 36 55 209 148 192 218 215 97 65]
59   | 205463127123192841703774507471101357876660051532     | [37 21 109 79 134 13 203 239 147 232 168 36 55 209 148 192 218 215 97 65]
60   | 205463127123192841703774507471677818628963475020     | [37 21 109 79 134 13 203 239 147 232 168 36 55 209 148 192 218 215 97 65]
61   | 205463127123192841703774507472830740133570321996     | [37 21 109 79 134 13 203 239 147 232 168 36 55 209 148 192 218 215 97 65]
62   | 205463127123192841703774507475136583142784015948     | [37 21 109 79 134 13 203 239 147 232 168 36 55 209 148 192 218 215 97 65]
63   | 205463127123192841703774507479748269161211403852     | [37 21 109 79 134 13 203 239 147 232 168 36 55 209 148 192 218 215 97 65]
64   | 205463127123192841703774507488971641198066179660     | [37 21 109 79 134 13 203 239 147 232 168 36 55 209 148 192 218 215 97 65]
65   | 205463127123192841703774507507418385271775731276     | [37 21 109 79 134 13 203 239 147 232 168 36 55 209 148 192 218 215 97 65]
66   | 205463127123192841703774507544311873419194834508     | [37 21 109 79 134 13 203 239 147 232 168 36 55 209 148 192 218 215 97 65]
67   | 205463127123192841703774507618098849714033040972     | [37 21 109 79 134 13 203 239 147 232 168 36 55 209 148 192 218 215 97 65]
68   | 205463127123192841703774507765672802303709453900     | [37 21 109 79 134 13 203 239 147 232 168 36 55 209 148 192 218 215 97 65]
69   | 205463127123192841703774508060820707483062279756     | [37 21 109 79 134 13 203 239 147 232 168 36 55 209 148 192 218 215 97 65]
70   | 205463127123192841703774508651116517841767931468     | [37 21 109 79 134 13 203 239 147 232 168 36 55 209 148 192 218 215 97 65]
71   | 205463127123192841703774509831708138559179234892     | [37 21 109 79 134 13 203 239 147 232 168 36 55 209 148 192 218 215 97 65]
72   | 205463127123192841703774512192891379994001841740     | [37 21 109 79 134 13 203 239 147 232 168 36 55 209 148 192 218 215 97 65]
73   | 205463127123192841703774516915257862863647055436     | [37 21 109 79 134 13 203 239 147 232 168 36 55 209 148 192 218 215 97 65]
74   | 205463127123192841703774526359990828602937482828     | [37 21 109 79 134 13 203 239 147 232 168 36 55 209 148 192 218 215 97 65]
75   | 205463127123192841703774545249456760081518337612     | [37 21 109 79 134 13 203 239 147 232 168 36 55 209 148 192 218 215 97 65]
76   | 205463127123192841703774583028388623038680047180     | [37 21 109 79 134 13 203 239 147 232 168 36 55 209 148 192 218 215 97 65]
77   | 205463127123192841703774658586252348953003466316     | [37 21 109 79 134 13 203 239 147 232 168 36 55 209 148 192 218 215 97 65]
78   | 205463127123192841703774809701979800781650304588     | [37 21 109 79 134 13 203 239 147 232 168 36 55 209 148 192 218 215 97 65]
79   | 205463127123192841703775111933434704438943981132     | [37 21 109 79 134 13 203 239 147 232 168 36 55 209 148 192 218 215 97 65]
80   | 205463127123192841703775716396344511753531334220     | [37 21 109 79 134 13 203 239 147 232 168 36 55 209 148 192 218 215 97 65]
81   | 205463127123192841703776925322164126382706040396     | [37 21 109 79 134 13 203 239 147 232 168 36 55 209 148 192 218 215 97 65]
82   | 205463127123192841703779343173803355641055452748     | [37 21 109 79 134 13 203 239 147 232 168 36 55 209 148 192 218 215 97 65]
83   | 205463127123192841703784178877081814157754277452     | [37 21 109 79 134 13 203 239 147 232 168 36 55 209 148 192 218 215 97 65]
84   | 205463127123192841703793850283638731191151926860     | [37 21 109 79 134 13 203 239 147 232 168 36 55 209 148 192 218 215 97 65]
85   | 205463127123192841703813193096752565257947225676     | [37 21 109 79 134 13 203 239 147 232 168 36 55 209 148 192 218 215 97 65]
86   | 205463127123192841703851878722980233391537823308     | [37 21 109 79 134 13 203 239 147 232 168 36 55 209 148 192 218 215 97 65]
87   | 205463127123192841703929249975435569658719018572     | [37 21 109 79 134 13 203 239 147 232 168 36 55 209 148 192 218 215 97 65]
88   | 205463127123192841704083992480346242193081409100     | [37 21 109 79 134 13 203 239 147 232 168 36 55 209 148 192 218 215 97 65]
89   | 205463127123192841704393477490167587261806190156     | [37 21 109 79 134 13 203 239 147 232 168 36 55 209 148 192 218 215 97 65]
90   | 205463127123192841705012447509810277399255752268     | [37 21 109 79 134 13 203 239 147 232 168 36 55 209 148 192 218 215 97 65]
91   | 205463127123192841706250387549095657674154876492     | [37 21 109 79 134 13 203 239 147 232 168 36 55 209 148 192 218 215 97 65]
92   | 205463127123192841708726267627666418223953124940     | [37 21 109 79 134 13 203 239 147 232 168 36 55 209 148 192 218 215 97 65]
93   | 205463127123192841713678027784807939323549621836     | [37 21 109 79 134 13 203 239 147 232 168 36 55 209 148 192 218 215 97 65]
94   | 205463127123192841723581548099090981522742615628     | [37 21 109 79 134 13 203 239 147 232 168 36 55 209 148 192 218 215 97 65]
95   | 205463127123192841743388588727657065921128603212     | [37 21 109 79 134 13 203 239 147 232 168 36 55 209 148 192 218 215 97 65]
96   | 205463127123192841783002669984789234717900578380     | [37 21 109 79 134 13 203 239 147 232 168 36 55 209 148 192 218 215 97 65]
97   | 205463127123192841862230832499053572311444528716     | [37 21 109 79 134 13 203 239 147 232 168 36 55 209 148 192 218 215 97 65]
98   | 205463127123192842020687157527582247498532429388     | [37 21 109 79 134 13 203 239 147 232 168 36 55 209 148 192 218 215 97 65]
99   | 205463127123192842337599807584639597872708230732     | [37 21 109 79 134 13 203 239 147 232 168 36 55 209 148 192 218 215 97 65]
100   | 205463127123192842971425107698754298621059833420     | [37 21 109 79 134 13 203 239 147 232 168 36 55 209 148 192 218 215 97 65]
101   | 205463127123192844239075707926983700117763038796     | [37 21 109 79 134 13 203 239 147 232 168 36 55 209 148 192 218 215 97 65]
102   | 205463127123192846774376908383442503111169449548     | [37 21 109 79 134 13 203 239 147 232 168 36 55 209 148 192 218 215 97 65]
103   | 205463127123192851844979309296360109097982271052     | [37 21 109 79 134 13 203 239 147 232 168 36 55 209 148 192 218 215 97 65]
104   | 205463127123192861986184111122195321071607914060     | [37 21 109 79 134 13 203 239 147 232 168 36 55 209 148 192 218 215 97 65]
105   | 205463127123192882268593714773865745018859200076     | [37 21 109 79 134 13 203 239 147 232 168 36 55 209 148 192 218 215 97 65]
106   | 205463127123192922833412922077206592913361772108     | [37 21 109 79 134 13 203 239 147 232 168 36 55 209 148 192 218 215 97 65]
107   | 205463127123193003963051336683888288702366916172     | [37 21 109 79 134 13 203 239 147 232 168 36 55 209 148 192 218 215 97 65]
108   | 205463127123193166222328165897251680280377204300     | [37 21 109 79 134 13 203 239 147 232 168 36 55 209 148 192 218 215 97 65]
109   | 205463127123193490740881824323978463436397780556     | [37 21 109 79 134 13 203 239 147 232 168 36 55 209 148 192 218 215 97 65]
110   | 205463127123194139777989141177432029748438933068     | [37 21 109 79 134 13 203 239 147 232 168 36 55 209 148 192 218 215 97 65]
111   | 205463127123195437852203774884339162372521238092     | [37 21 109 79 134 13 203 239 147 232 168 36 55 209 148 192 218 215 97 65]
112   | 205463127123198034000633042298153427620685848140     | [37 21 109 79 134 13 203 239 147 232 168 36 55 209 148 192 218 215 97 65]
113   | 205463127123203226297491577125781958117015068236     | [37 21 109 79 134 13 203 239 147 232 168 36 55 209 148 192 218 215 97 65]
114   | 205463127123213610891208646781039019109673508428     | [37 21 109 79 134 13 203 239 147 232 168 36 55 209 148 192 218 215 97 65]
115   | 205463127123234380078642786091553141094990388812     | [37 21 109 79 134 13 203 239 147 232 168 36 55 209 148 192 218 215 97 65]
116   | 205463127123275918453511064712581385065624149580     | [37 21 109 79 134 13 203 239 147 232 168 36 55 209 148 192 218 215 97 65]
117   | 205463127123358995203247621954637873006891671116     | [37 21 109 79 134 13 203 239 147 232 168 36 55 209 148 192 218 215 97 65]
118   | 205463127123525148702720736438750848889426714188     | [37 21 109 79 134 13 203 239 147 232 168 36 55 209 148 192 218 215 97 65]
119   | 205463127123857455701666965406976800654496800332     | [37 21 109 79 134 13 203 239 147 232 168 36 55 209 148 192 218 215 97 65]
120   | 205463127124522069699559423343428704184636972620     | [37 21 109 79 134 13 203 239 147 232 168 36 55 209 148 192 218 215 97 65]
121   | 205463127125851297695344339216332511244917317196     | [37 21 109 79 134 13 203 239 147 232 168 36 55 209 148 192 218 215 97 65]
122   | 205463127128509753686914170962140125365478006348     | [37 21 109 79 134 13 203 239 147 232 168 36 55 209 148 192 218 215 97 65]
123   | 205463127133826665670053834453755353606599384652     | [37 21 109 79 134 13 203 239 147 232 168 36 55 209 148 192 218 215 97 65]
124   | 205463127144460489636333161436985810088842141260     | [37 21 109 79 134 13 203 239 147 232 168 36 55 209 148 192 218 215 97 65]
125   | 205463127165728137568891815403446723053327654476     | [37 21 109 79 134 13 203 239 147 232 168 36 55 209 148 192 218 215 97 65]
126   | 205463127208263433434009123336368548982298680908     | [37 21 109 79 134 13 203 239 147 232 168 36 55 209 148 192 218 215 97 65]
127   | 205463127293334025164243739202212200840240733772     | [37 21 109 79 134 13 203 239 147 232 168 36 55 209 148 192 218 215 97 65]
128   | 205463127463475208624712970933899504556124839500     | [37 21 109 79 134 13 203 239 147 232 168 36 55 209 148 192 218 215 97 65]
129   | 205463127803757575545651434397274111987893050956     | [37 21 109 79 134 13 203 239 147 232 168 36 55 209 148 192 218 215 97 65]
130   | 205463128484322309387528361324023326851429473868     | [37 21 109 79 134 13 203 239 147 232 168 36 55 209 148 192 218 215 97 65]
131   | 205463129845451777071282215177521756578502319692     | [37 21 109 79 134 13 203 239 147 232 168 36 55 209 148 192 218 215 97 65]
132   | 205463132567710712438789922884518616032648011340     | [37 21 109 79 134 13 203 239 147 232 168 36 55 209 148 192 218 215 97 65]
133   | 205463138012228583173805338298512334940939394636     | [37 21 109 79 134 13 203 239 147 232 168 36 55 209 148 192 218 215 97 65]
134   | 205463148901264324643836169126499772757522161228     | [37 21 109 79 134 13 203 239 147 232 168 36 55 209 148 192 218 215 97 65]
135   | 205463170679335807583897830782474648390687694412     | [37 21 109 79 134 13 203 239 147 232 168 36 55 209 148 192 218 215 97 65]
136   | 205463214235478773464021154094424399657018760780     | [37 21 109 79 134 13 203 239 147 232 168 36 55 209 148 192 218 215 97 65]
137   | 205463301347764705224267800718323902189680893516     | [37 21 109 79 134 13 203 239 147 232 168 36 55 209 148 192 218 215 97 65]
138   | 205463475572336568744761093966122907255005158988     | [37 21 109 79 134 13 203 239 147 232 168 36 55 209 148 192 218 215 97 65]
139   | 205463824021480295785747680461720917385653689932     | [37 21 109 79 134 13 203 239 147 232 168 36 55 209 148 192 218 215 97 65]
140   | 205464520919767749867720853452916937646950751820     | [37 21 109 79 134 13 203 239 147 232 168 36 55 209 148 192 218 215 97 65]
141   | 205465914716342658031667199435308978169544875596     | [37 21 109 79 134 13 203 239 147 232 168 36 55 209 148 192 218 215 97 65]
142   | 205468702309492474359559891400093059214733123148     | [37 21 109 79 134 13 203 239 147 232 168 36 55 209 148 192 218 215 97 65]
143   | 205474277495792107015345275329661221305109618252     | [37 21 109 79 134 13 203 239 147 232 168 36 55 209 148 192 218 215 97 65]
144   | 205485427868391372326916043188797545485862608460     | [37 21 109 79 134 13 203 239 147 232 168 36 55 209 148 192 218 215 97 65]
145   | 205507728613589902950057578907070193847368588876     | [37 21 109 79 134 13 203 239 147 232 168 36 55 209 148 192 218 215 97 65]
146   | 205552330103986964196340650343615490570380549708     | [37 21 109 79 134 13 203 239 147 232 168 36 55 209 148 192 218 215 97 65]
147   | 205641533084781086688906793216706084016404471372     | [37 21 109 79 134 13 203 239 147 232 168 36 55 209 148 192 218 215 97 65]
148   | 205819939046369331674039078962887270908452314700     | [37 21 109 79 134 13 203 239 147 232 168 36 55 209 148 192 218 215 97 65]
149   | 206176750969545821644303650455249644692548001356     | [37 21 109 79 134 13 203 239 147 232 168 36 55 209 148 192 218 215 97 65]
150   | 206890374815898801584832793439974392260739374668     | [37 21 109 79 134 13 203 239 147 232 168 36 55 209 148 192 218 215 97 65]
151   | 208317622508604761465891079409423887397122121292     | [37 21 109 79 134 13 203 239 147 232 168 36 55 209 148 192 218 215 97 65]
152   | 211172117894016681228007651348322877669887614540     | [37 21 109 79 134 13 203 239 147 232 168 36 55 209 148 192 218 215 97 65]
153   | 216881108664840520752240795226120858215418601036     | [39 66 110 160 67 25 52 38 60 145 118 228 235 211 60 145 208 235 108 158]
154   | 228299090206488199800707082981716819306480574028     | [44 92 109 112 114 143 210 143 220 69 251 112 20 135 145 94 202 79 191 6]
155   | 251135053289783557897639658492908741488604520012     | [44 92 109 112 114 143 210 143 220 69 251 112 20 135 145 94 202 79 191 6]
156   | 296806979456374274091504809515292585852852411980     | [56 174 243 102 17 141 226 109 158 89 93 247 159 52 12 94 99 114 222 99]
157   | 388150831789555706479235111560060274581348195916     | [68 217 223 60 164 214 193 137 26 78 227 53 126 150 255 94 228 189 7 70]
158   | 570838536455918571254695715649595652038339763788     | [100 122 78 97 128 202 202 35 14 40 126 41 252 225 127 39 103 15 34 128]
159   | 936213945788644300805616923828666406952322899532     | [167 137 224 33 116 3 37 216 187 28 201 41 174 217 17 111 63 135 130 166]
Predecessor: [35 118 252 117 188 227 244 109 73 21 136 22 192 25 190 3 23 121 220 173]
hops: 1 latency: 23.974108
hops: 1 latency: 26.487053
hops: 1 latency: 16.993396
hops: 1 latency: 24.682334
hops: 1 latency: 18.43576
hops: 1 latency: 17.796431
hops: 1 latency: 26.866465
hops: 1 latency: 23.643128
hops: 1 latency: 24.81996
hops: 1 latency: 16.481444
hops: 1 latency: 19.804093
hops: 1 latency: 21.590369
hops: 1 latency: 30.417004
hops: 1 latency: 19.943902
hops: 1 latency: 19.567998
hops: 1 latency: 20.991842
hops: 1 latency: 25.748959
hops: 1 latency: 24.81505
hops: 3 latency: 240.394992
hops: 1 latency: 20.195645
hops: 1 latency: 30.65212
hops: 1 latency: 31.073625
hops: 1 latency: 28.927647
hops: 1 latency: 20.154201
hops: 1 latency: 21.428059
hops: 1 latency: 22.211817
hops: 1 latency: 19.100805
hops: 1 latency: 29.380343
hops: 1 latency: 46.776228
hops: 1 latency: 19.426992
hops: 1 latency: 18.894627
hops: 1 latency: 20.332513
hops: 1 latency: 32.187801
hops: 1 latency: 21.689867
hops: 1 latency: 21.308262
hops: 1 latency: 24.303792
hops: 1 latency: 24.182391
hops: 1 latency: 28.645448
hops: 1 latency: 24.72381
hops: 1 latency: 19.513966
hops: 1 latency: 21.084555
hops: 1 latency: 16.713937
hops: 1 latency: 24.372876
hops: 1 latency: 25.783768
hops: 1 latency: 22.435081
hops: 1 latency: 19.276529
hops: 1 latency: 20.654793
hops: 1 latency: 35.484018
hops: 1 latency: 19.136413
hops: 1 latency: 26.736217
hops: 1 latency: 21.347917
hops: 1 latency: 24.665735
hops: 1 latency: 20.763485
hops: 1 latency: 16.86771
hops: 1 latency: 25.909197
hops: 2 latency: 3.367957
hops: 4 latency: 2.618096
hops: 2 latency: 1.399243
hops: 5 latency: 4.987231
hops: 6 latency: 4.700033
hops: 3 latency: 2.592834
hops: 2 latency: 2.112681
hops: 4 latency: 4.134116
hops: 3 latency: 2.83678
hops: 3 latency: 1.829889
hops: 2 latency: 1.880362
hops: 3 latency: 47.26196
hops: 1 latency: 20.73987
hops: 1 latency: 18.732661
hops: 1 latency: 22.764313
hops: 1 latency: 20.328301
hops: 1 latency: 23.168563
hops: 1 latency: 18.308459
hops: 1 latency: 22.332096
hops: 1 latency: 43.431394
hops: 4 latency: 182.931484
hops: 1 latency: 18.879359
hops: 1 latency: 18.26725
hops: 1 latency: 19.815844
hops: 1 latency: 18.599478
hops: 1 latency: 19.754072
hops: 1 latency: 22.723771
hops: 1 latency: 4.549574
hops: 4 latency: 5.365091
hops: 4 latency: 32.109418
hops: 1 latency: 0.930784
hops: 3 latency: 3.300547
hops: 3 latency: 3.040888
hops: 1 latency: 1.598978
hops: 2 latency: 11.843892
hops: 3 latency: 31.559166
hops: 1 latency: 26.028758
hops: 1 latency: 18.82573
hops: 1 latency: 19.688254
hops: 1 latency: 24.015929
hops: 1 latency: 25.522983
hops: 1 latency: 32.322671
hops: 1 latency: 33.855017
hops: 1 latency: 22.883741
hops: 1 latency: 16.779012
hops: 1 latency: 20.430299
hops: 1 latency: 20.862471
hops: 1 latency: 29.742869
hops: 1 latency: 26.248714
hops: 1 latency: 22.655196
hops: 1 latency: 22.234544
hops: 1 latency: 29.034628
hops: 1 latency: 15.134559
hops: 1 latency: 25.666212
hops: 1 latency: 18.112399
hops: 1 latency: 19.503412
hops: 1 latency: 20.109974
hops: 1 latency: 21.507109
hops: 1 latency: 19.883719
hops: 1 latency: 15.617094
hops: 1 latency: 18.162989
hops: 1 latency: 20.999152
hops: 1 latency: 20.89656
hops: 1 latency: 18.824427
hops: 1 latency: 20.928121
hops: 1 latency: 16.165186
hops: 1 latency: 16.801605
hops: 1 latency: 19.843514
hops: 1 latency: 18.564669
hops: 1 latency: 16.552406
hops: 1 latency: 21.325196
hops: 1 latency: 17.517635
hops: 1 latency: 19.461995
hops: 1 latency: 36.944727
hops: 1 latency: 17.910962
hops: 1 latency: 15.244154
hops: 1 latency: 19.535732
hops: 1 latency: 17.074852
hops: 1 latency: 27.902662
hops: 1 latency: 21.971354
hops: 1 latency: 20.355265
hops: 1 latency: 17.073803
hops: 1 latency: 21.559786
hops: 1 latency: 20.355953
hops: 1 latency: 33.817219
hops: 1 latency: 112.279285
hops: 1 latency: 20.567191
hops: 1 latency: 25.753724
hops: 1 latency: 19.510406
hops: 1 latency: 31.25584
hops: 2 latency: 75.221042
hops: 3 latency: 131.409661
hops: 1 latency: 29.725228
hops: 1 latency: 20.991284
hops: 1 latency: 21.427555
hops: 1 latency: 29.468188
hops: 1 latency: 17.929413
hops: 1 latency: 20.37508
hops: 1 latency: 19.167696
hops: 1 latency: 18.899427
hops: 1 latency: 22.619776
hops: 1 latency: 19.939711
hops: 1 latency: 23.133706
hops: 1 latency: 20.022539
hops: 1 latency: 17.502062
hops: 1 latency: 19.296322
hops: 1 latency: 22.598376
hops: 1 latency: 17.349476
hops: 1 latency: 18.216547
hops: 1 latency: 21.972072
hops: 1 latency: 17.39319
hops: 1 latency: 18.328744
hops: 1 latency: 18.908601
hops: 1 latency: 18.342974
hops: 1 latency: 19.816755
hops: 1 latency: 16.781771
hops: 1 latency: 20.542211
hops: 1 latency: 18.581682
hops: 1 latency: 18.317672
hops: 1 latency: 15.272747
hops: 1 latency: 17.150033
hops: 1 latency: 19.167792
hops: 1 latency: 18.22237
hops: 1 latency: 17.474922
hops: 1 latency: 20.058839
hops: 1 latency: 23.467692
hops: 1 latency: 19.039811
hops: 1 latency: 20.502358
hops: 1 latency: 19.326046
hops: 1 latency: 16.325361
hops: 1 latency: 20.919394
hops: 1 latency: 21.55472
hops: 1 latency: 19.298276
hops: 1 latency: 18.68782
hops: 1 latency: 18.911075
hops: 1 latency: 21.462729
hops: 1 latency: 28.900975
hops: 1 latency: 27.72468
hops: 1 latency: 18.561344
hops: 1 latency: 18.345623
hops: 1 latency: 21.618543
hops: 1 latency: 19.952372
hops: 1 latency: 19.497937
hops: 1 latency: 24.819127
hops: 1 latency: 103.873383
hops: 1 latency: 18.238096
hops: 1 latency: 25.397992
hops: 1 latency: 20.493039
hops: 1 latency: 21.231196
hops: 1 latency: 18.650295
hops: 1 latency: 17.945318
hops: 1 latency: 24.821276
hops: 1 latency: 25.347819
hops: 1 latency: 19.232535
hops: 1 latency: 19.576198
hops: 1 latency: 20.058546
hops: 1 latency: 18.102042
hops: 1 latency: 20.081537
hops: 1 latency: 36.951176
hops: 2 latency: 109.740424
hops: 3 latency: 128.93164
hops: 1 latency: 24.456142
hops: 1 latency: 17.570509
hops: 1 latency: 17.95534
hops: 1 latency: 21.592098
hops: 1 latency: 15.603731
hops: 1 latency: 18.236697
hops: 1 latency: 19.154
hops: 1 latency: 21.351497
hops: 1 latency: 31.761823
hops: 1 latency: 19.251148
hops: 1 latency: 16.477299
hops: 1 latency: 19.094889
hops: 1 latency: 22.217713
hops: 1 latency: 20.102882
hops: 1 latency: 21.650337
hops: 1 latency: 17.83251
hops: 1 latency: 19.807076
hops: 1 latency: 16.785624
hops: 1 latency: 19.713914
hops: 1 latency: 15.932454
hops: 2 latency: 77.72659
hops: 1 latency: 20.057842
hops: 1 latency: 30.274461
hops: 1 latency: 19.710233
hops: 1 latency: 21.949127
hops: 1 latency: 25.34979
hops: 1 latency: 23.731522
hops: 1 latency: 19.550156
hops: 1 latency: 19.65645
hops: 1 latency: 20.785096
hops: 1 latency: 20.146101
hops: 1 latency: 23.232446
hops: 1 latency: 16.091214
hops: 1 latency: 25.147423
hops: 1 latency: 21.272122
hops: 1 latency: 25.810003
hops: 1 latency: 15.88435
hops: 1 latency: 29.770675
hops: 1 latency: 19.689797
hops: 1 latency: 22.441364
hops: 1 latency: 20.009785
hops: 1 latency: 19.499118
hops: 1 latency: 21.741893
hops: 1 latency: 17.4817
hops: 1 latency: 21.866488
hops: 1 latency: 20.107903
hops: 1 latency: 42.44362
hops: 1 latency: 26.505046
hops: 1 latency: 26.015827
hops: 1 latency: 18.240788
hops: 1 latency: 19.179486
hops: 1 latency: 17.369516
hops: 1 latency: 18.8052
hops: 1 latency: 17.627006
hops: 1 latency: 21.386927
hops: 1 latency: 16.954688
hops: 1 latency: 18.959113
hops: 1 latency: 17.787284
hops: 1 latency: 18.603772
hops: 1 latency: 15.552555
hops: 1 latency: 17.546591
hops: 1 latency: 17.609103
hops: 1 latency: 18.097783
hops: 1 latency: 19.580432
hops: 2 latency: 81.087677
hops: 4 latency: 181.078118
hops: 3 latency: 121.945923
hops: 1 latency: 120.932418
hops: 1 latency: 16.710869
hops: 1 latency: 20.608992
hops: 1 latency: 17.934271
hops: 1 latency: 21.61989
hops: 1 latency: 32.237404
hops: 1 latency: 6.29559
hops: 3 latency: 91.434826
hops: 1 latency: 31.882545
hops: 1 latency: 29.080821
hops: 1 latency: 30.406852
hops: 1 latency: 27.924312
hops: 1 latency: 21.29333
hops: 1 latency: 35.208232
hops: 1 latency: 29.544251
hops: 1 latency: 19.718001
hops: 1 latency: 27.639977
hops: 1 latency: 18.061376
hops: 1 latency: 32.684998
hops: 1 latency: 28.600929
hops: 1 latency: 18.380063
hops: 1 latency: 1.501141
hops: 2 latency: 2.279023
hops: 3 latency: 3.050773
hops: 5 latency: 49.786781
hops: 1 latency: 18.105088
hops: 1 latency: 19.012103
hops: 1 latency: 22.135494
hops: 1 latency: 25.893078
hops: 1 latency: 19.755445
hops: 1 latency: 18.771474
hops: 1 latency: 19.928649
hops: 1 latency: 21.348542
hops: 1 latency: 42.253672
hops: 1 latency: 32.365106
hops: 1 latency: 21.60552
hops: 1 latency: 24.693362
hops: 1 latency: 17.71238
hops: 1 latency: 20.695796
hops: 1 latency: 31.504237
hops: 1 latency: 32.751525
hops: 1 latency: 39.854066
hops: 1 latency: 37.568084
hops: 1 latency: 20.573813
hops: 1 latency: 17.439674
hops: 1 latency: 20.576454
hops: 1 latency: 21.349083
hops: 1 latency: 27.083338
hops: 1 latency: 25.102273
hops: 1 latency: 24.245459
hops: 1 latency: 20.711053
hops: 1 latency: 16.641655
hops: 1 latency: 19.4835
hops: 1 latency: 24.854664
hops: 1 latency: 20.668191
hops: 1 latency: 18.743576
hops: 1 latency: 19.242792
hops: 1 latency: 18.99392
hops: 1 latency: 17.453834
hops: 1 latency: 19.023942
hops: 1 latency: 18.641287
hops: 1 latency: 21.83356
hops: 1 latency: 19.928802
hops: 1 latency: 20.425197
hops: 1 latency: 22.030494
hops: 1 latency: 26.972757
hops: 1 latency: 25.21251
hops: 1 latency: 13.546562
hops: 3 latency: 23.957873
hops: 2 latency: 7.375716
hops: 2 latency: 3.407108
hops: 2 latency: 1.650032
hops: 3 latency: 2.444048
hops: 2 latency: 1.129334
hops: 4 latency: 3.771994
hops: 1 latency: 0.918422
hops: 3 latency: 2.21902
hops: 3 latency: 2.135995
hops: 3 latency: 2.234075
hops: 3 latency: 54.29703
hops: 1 latency: 22.387206
hops: 2 latency: 81.372937
hops: 3 latency: 138.088939
hops: 1 latency: 21.696256
hops: 1 latency: 16.605868
hops: 1 latency: 22.931755
hops: 1 latency: 20.069398
hops: 1 latency: 16.89133
hops: 1 latency: 16.623428
hops: 1 latency: 23.087573
hops: 1 latency: 22.404344
hops: 1 latency: 33.983098
hops: 1 latency: 19.197113
hops: 1 latency: 35.570801
hops: 1 latency: 24.225557
hops: 1 latency: 17.505519
hops: 1 latency: 18.948498
hops: 1 latency: 21.828691
hops: 1 latency: 20.972287
hops: 1 latency: 28.129665
hops: 1 latency: 30.826132
hops: 1 latency: 28.079225
hops: 1 latency: 23.204341
hops: 1 latency: 22.61089
hops: 1 latency: 23.659486
hops: 1 latency: 21.998746
hops: 1 latency: 22.312591
hops: 1 latency: 23.359388
hops: 1 latency: 27.110238
hops: 1 latency: 26.041161
hops: 1 latency: 26.074979
hops: 1 latency: 26.532356
hops: 1 latency: 19.563811
hops: 1 latency: 19.745428
hops: 1 latency: 27.874222
hops: 1 latency: 31.529765
hops: 1 latency: 32.856171
hops: 1 latency: 25.803681
hops: 1 latency: 26.749476
hops: 1 latency: 32.095147
hops: 1 latency: 32.792931
hops: 1 latency: 28.289306
hops: 1 latency: 26.484449
hops: 1 latency: 34.554471
hops: 1 latency: 24.422481
hops: 1 latency: 16.990053
hops: 1 latency: 18.605314
hops: 1 latency: 17.303878
hops: 1 latency: 40.620767
hops: 1 latency: 23.333718
hops: 1 latency: 17.170917
hops: 1 latency: 21.548457
hops: 1 latency: 22.352958
hops: 1 latency: 16.520063
hops: 1 latency: 20.637188
hops: 1 latency: 19.035553
hops: 1 latency: 26.619646
hops: 1 latency: 21.152908
hops: 1 latency: 29.603849
hops: 1 latency: 21.513343
hops: 1 latency: 25.138174
hops: 1 latency: 19.303661
hops: 1 latency: 0.953106
hops: 4 latency: 4.688753
hops: 4 latency: 15.438108
hops: 4 latency: 4.568066
hops: 2 latency: 1.74567
hops: 2 latency: 2.098519
hops: 2 latency: 2.23316
hops: 3 latency: 4.584779
hops: 3 latency: 2.86653
hops: 2 latency: 1.115233
hops: 2 latency: 1.814855
hops: 1 latency: 0.857875
hops: 2 latency: 3.128095
hops: 3 latency: 14.755688
hops: 4 latency: 132.730554
hops: 1 latency: 20.714309
hops: 1 latency: 23.943721
hops: 1 latency: 33.974779
hops: 2 latency: 86.535359
hops: 3 latency: 135.007144
hops: 1 latency: 25.63741
hops: 1 latency: 21.15689
hops: 1 latency: 23.985987
hops: 1 latency: 8.578775
hops: 6 latency: 21.074615
hops: 6 latency: 11.786817
hops: 2 latency: 2.978443
hops: 3 latency: 34.591078
hops: 1 latency: 21.346376
hops: 1 latency: 19.808472
hops: 1 latency: 16.618871
hops: 1 latency: 17.137253
hops: 1 latency: 17.416107
hops: 1 latency: 18.253496
hops: 1 latency: 22.844517
hops: 1 latency: 24.487566
hops: 1 latency: 19.794381
hops: 1 latency: 21.915668
hops: 1 latency: 19.201775
hops: 1 latency: 28.358937
hops: 1 latency: 24.194609
hops: 1 latency: 17.991442
hops: 1 latency: 22.054515
hops: 1 latency: 28.803902
hops: 1 latency: 19.187063
hops: 1 latency: 24.588156
hops: 1 latency: 19.081335
hops: 1 latency: 24.770696
hops: 1 latency: 14.191769
hops: 1 latency: 20.04388
hops: 1 latency: 22.572123
hops: 1 latency: 25.385044
hops: 1 latency: 16.557199
hops: 1 latency: 18.378624
hops: 1 latency: 20.333641
hops: 1 latency: 22.541375
hops: 1 latency: 18.358048
hops: 1 latency: 25.146163
hops: 1 latency: 19.876055
hops: 1 latency: 0.764081
hops: 5 latency: 4.145998
hops: 1 latency: 30.571652
hops: 1 latency: 18.652498
hops: 1 latency: 24.29377
hops: 1 latency: 26.827976
hops: 1 latency: 19.776284
hops: 1 latency: 16.435074
hops: 1 latency: 26.855755
hops: 1 latency: 27.048057
hops: 1 latency: 18.519543
hops: 1 latency: 21.726326
hops: 1 latency: 20.522985
hops: 1 latency: 19.973755
hops: 1 latency: 22.674832
hops: 1 latency: 20.399326
PASS
ok  	chord	150.918s
