finished launching servers
id: [151 188 126 95 19 67 157 79 79 235 66 149 54 124 66 1 56 206 210 98] ip: 127.0.0.1:18083
Finger table:
ith | start | successor
0   | 866261154992182191021546518962275606692317024867     | [171 116 96 229 154 167 71 217 203 126 154 86 191 42 90 251 191 198 234 155]
1   | 866261154992182191021546518962275606692317024868     | [171 116 96 229 154 167 71 217 203 126 154 86 191 42 90 251 191 198 234 155]
2   | 866261154992182191021546518962275606692317024870     | [171 116 96 229 154 167 71 217 203 126 154 86 191 42 90 251 191 198 234 155]
3   | 866261154992182191021546518962275606692317024874     | [171 116 96 229 154 167 71 217 203 126 154 86 191 42 90 251 191 198 234 155]
4   | 866261154992182191021546518962275606692317024882     | [171 116 96 229 154 167 71 217 203 126 154 86 191 42 90 251 191 198 234 155]
5   | 866261154992182191021546518962275606692317024898     | [171 116 96 229 154 167 71 217 203 126 154 86 191 42 90 251 191 198 234 155]
6   | 866261154992182191021546518962275606692317024930     | [171 116 96 229 154 167 71 217 203 126 154 86 191 42 90 251 191 198 234 155]
7   | 866261154992182191021546518962275606692317024994     | [171 116 96 229 154 167 71 217 203 126 154 86 191 42 90 251 191 198 234 155]
8   | 866261154992182191021546518962275606692317025122     | [171 116 96 229 154 167 71 217 203 126 154 86 191 42 90 251 191 198 234 155]
9   | 866261154992182191021546518962275606692317025378     | [171 116 96 229 154 167 71 217 203 126 154 86 191 42 90 251 191 198 234 155]
10   | 866261154992182191021546518962275606692317025890     | [171 116 96 229 154 167 71 217 203 126 154 86 191 42 90 251 191 198 234 155]
11   | 866261154992182191021546518962275606692317026914     | [171 116 96 229 154 167 71 217 203 126 154 86 191 42 90 251 191 198 234 155]
12   | 866261154992182191021546518962275606692317028962     | [171 116 96 229 154 167 71 217 203 126 154 86 191 42 90 251 191 198 234 155]
13   | 866261154992182191021546518962275606692317033058     | [171 116 96 229 154 167 71 217 203 126 154 86 191 42 90 251 191 198 234 155]
14   | 866261154992182191021546518962275606692317041250     | [171 116 96 229 154 167 71 217 203 126 154 86 191 42 90 251 191 198 234 155]
15   | 866261154992182191021546518962275606692317057634     | [171 116 96 229 154 167 71 217 203 126 154 86 191 42 90 251 191 198 234 155]
16   | 866261154992182191021546518962275606692317090402     | [171 116 96 229 154 167 71 217 203 126 154 86 191 42 90 251 191 198 234 155]
17   | 866261154992182191021546518962275606692317155938     | [171 116 96 229 154 167 71 217 203 126 154 86 191 42 90 251 191 198 234 155]
18   | 866261154992182191021546518962275606692317287010     | [171 116 96 229 154 167 71 217 203 126 154 86 191 42 90 251 191 198 234 155]
19   | 866261154992182191021546518962275606692317549154     | [171 116 96 229 154 167 71 217 203 126 154 86 191 42 90 251 191 198 234 155]
20   | 866261154992182191021546518962275606692318073442     | [171 116 96 229 154 167 71 217 203 126 154 86 191 42 90 251 191 198 234 155]
21   | 866261154992182191021546518962275606692319122018     | [171 116 96 229 154 167 71 217 203 126 154 86 191 42 90 251 191 198 234 155]
22   | 866261154992182191021546518962275606692321219170     | [171 116 96 229 154 167 71 217 203 126 154 86 191 42 90 251 191 198 234 155]
23   | 866261154992182191021546518962275606692325413474     | [171 116 96 229 154 167 71 217 203 126 154 86 191 42 90 251 191 198 234 155]
24   | 866261154992182191021546518962275606692333802082     | [171 116 96 229 154 167 71 217 203 126 154 86 191 42 90 251 191 198 234 155]
25   | 866261154992182191021546518962275606692350579298     | [171 116 96 229 154 167 71 217 203 126 154 86 191 42 90 251 191 198 234 155]
26   | 866261154992182191021546518962275606692384133730     | [171 116 96 229 154 167 71 217 203 126 154 86 191 42 90 251 191 198 234 155]
27   | 866261154992182191021546518962275606692451242594     | [171 116 96 229 154 167 71 217 203 126 154 86 191 42 90 251 191 198 234 155]
28   | 866261154992182191021546518962275606692585460322     | [171 116 96 229 154 167 71 217 203 126 154 86 191 42 90 251 191 198 234 155]
29   | 866261154992182191021546518962275606692853895778     | [171 116 96 229 154 167 71 217 203 126 154 86 191 42 90 251 191 198 234 155]
30   | 866261154992182191021546518962275606693390766690     | [171 116 96 229 154 167 71 217 203 126 154 86 191 42 90 251 191 198 234 155]
31   | 866261154992182191021546518962275606694464508514     | [171 116 96 229 154 167 71 217 203 126 154 86 191 42 90 251 191 198 234 155]
32   | 866261154992182191021546518962275606696611992162     | [171 116 96 229 154 167 71 217 203 126 154 86 191 42 90 251 191 198 234 155]
33   | 866261154992182191021546518962275606700906959458     | [171 116 96 229 154 167 71 217 203 126 154 86 191 42 90 251 191 198 234 155]
34   | 866261154992182191021546518962275606709496894050     | [171 116 96 229 154 167 71 217 203 126 154 86 191 42 90 251 191 198 234 155]
35   | 866261154992182191021546518962275606726676763234     | [171 116 96 229 154 167 71 217 203 126 154 86 191 42 90 251 191 198 234 155]
36   | 866261154992182191021546518962275606761036501602     | [171 116 96 229 154 167 71 217 203 126 154 86 191 42 90 251 191 198 234 155]
37   | 866261154992182191021546518962275606829755978338     | [171 116 96 229 154 167 71 217 203 126 154 86 191 42 90 251 191 198 234 155]
38   | 866261154992182191021546518962275606967194931810     | [171 116 96 229 154 167 71 217 203 126 154 86 191 42 90 251 191 198 234 155]
39   | 866261154992182191021546518962275607242072838754     | [171 116 96 229 154 167 71 217 203 126 154 86 191 42 90 251 191 198 234 155]
40   | 866261154992182191021546518962275607791828652642     | [171 116 96 229 154 167 71 217 203 126 154 86 191 42 90 251 191 198 234 155]
41   | 866261154992182191021546518962275608891340280418     | [171 116 96 229 154 167 71 217 203 126 154 86 191 42 90 251 191 198 234 155]
42   | 866261154992182191021546518962275611090363535970     | [171 116 96 229 154 167 71 217 203 126 154 86 191 42 90 251 191 198 234 155]
43   | 866261154992182191021546518962275615488410047074     | [171 116 96 229 154 167 71 217 203 126 154 86 191 42 90 251 191 198 234 155]
44   | 866261154992182191021546518962275624284503069282     | [171 116 96 229 154 167 71 217 203 126 154 86 191 42 90 251 191 198 234 155]
45   | 866261154992182191021546518962275641876689113698     | [171 116 96 229 154 167 71 217 203 126 154 86 191 42 90 251 191 198 234 155]
46   | 866261154992182191021546518962275677061061202530     | [171 116 96 229 154 167 71 217 203 126 154 86 191 42 90 251 191 198 234 155]
47   | 866261154992182191021546518962275747429805380194     | [171 116 96 229 154 167 71 217 203 126 154 86 191 42 90 251 191 198 234 155]
48   | 866261154992182191021546518962275888167293735522     | [171 116 96 229 154 167 71 217 203 126 154 86 191 42 90 251 191 198 234 155]
49   | 866261154992182191021546518962276169642270446178     | [171 116 96 229 154 167 71 217 203 126 154 86 191 42 90 251 191 198 234 155]
50   | 866261154992182191021546518962276732592223867490     | [171 116 96 229 154 167 71 217 203 126 154 86 191 42 90 251 191 198 234 155]
51   | 866261154992182191021546518962277858492130710114     | [171 116 96 229 154 167 71 217 203 126 154 86 191 42 90 251 191 198 234 155]
52   | 866261154992182191021546518962280110291944395362     | [171 116 96 229 154 167 71 217 203 126 154 86 191 42 90 251 191 198 234 155]
53   | 866261154992182191021546518962284613891571765858     | [171 116 96 229 154 167 71 217 203 126 154 86 191 42 90 251 191 198 234 155]
54   | 866261154992182191021546518962293621090826506850     | [171 116 96 229 154 167 71 217 203 126 154 86 191 42 90 251 191 198 234 155]
55   | 866261154992182191021546518962311635489335988834     | [171 116 96 229 154 167 71 217 203 126 154 86 191 42 90 251 191 198 234 155]
56   | 866261154992182191021546518962347664286354952802     | [171 116 96 229 154 167 71 217 203 126 154 86 191 42 90 251 191 198 234 155]
57   | 866261154992182191021546518962419721880392880738     | [171 116 96 229 154 167 71 217 203 126 154 86 191 42 90 251 191 198 234 155]
58   | 866261154992182191021546518962563837068468736610     | [171 116 96 229 154 167 71 217 203 126 154 86 191 42 90 251 191 198 234 155]
59   | 866261154992182191021546518962852067444620448354     | [171 116 96 229 154 167 71 217 203 126 154 86 191 42 90 251 191 198 234 155]
60   | 866261154992182191021546518963428528196923871842     | [171 116 96 229 154 167 71 217 203 126 154 86 191 42 90 251 191 198 234 155]
61   | 866261154992182191021546518964581449701530718818     | [171 116 96 229 154 167 71 217 203 126 154 86 191 42 90 251 191 198 234 155]
62   | 866261154992182191021546518966887292710744412770     | [171 116 96 229 154 167 71 217 203 126 154 86 191 42 90 251 191 198 234 155]
63   | 866261154992182191021546518971498978729171800674     | [171 116 96 229 154 167 71 217 203 126 154 86 191 42 90 251 191 198 234 155]
64   | 866261154992182191021546518980722350766026576482     | [171 116 96 229 154 167 71 217 203 126 154 86 191 42 90 251 191 198 234 155]
65   | 866261154992182191021546518999169094839736128098     | [171 116 96 229 154 167 71 217 203 126 154 86 191 42 90 251 191 198 234 155]
66   | 866261154992182191021546519036062582987155231330     | [171 116 96 229 154 167 71 217 203 126 154 86 191 42 90 251 191 198 234 155]
67   | 866261154992182191021546519109849559281993437794     | [171 116 96 229 154 167 71 217 203 126 154 86 191 42 90 251 191 198 234 155]
68   | 866261154992182191021546519257423511871669850722     | [171 116 96 229 154 167 71 217 203 126 154 86 191 42 90 251 191 198 234 155]
69   | 866261154992182191021546519552571417051022676578     | [171 116 96 229 154 167 71 217 203 126 154 86 191 42 90 251 191 198 234 155]
70   | 866261154992182191021546520142867227409728328290     | [171 116 96 229 154 167 71 217 203 126 154 86 191 42 90 251 191 198 234 155]
71   | 866261154992182191021546521323458848127139631714     | [171 116 96 229 154 167 71 217 203 126 154 86 191 42 90 251 191 198 234 155]
72   | 866261154992182191021546523684642089561962238562     | [171 116 96 229 154 167 71 217 203 126 154 86 191 42 90 251 191 198 234 155]
73   | 866261154992182191021546528407008572431607452258     | [171 116 96 229 154 167 71 217 203 126 154 86 191 42 90 251 191 198 234 155]
74   | 866261154992182191021546537851741538170897879650     | [171 116 96 229 154 167 71 217 203 126 154 86 191 42 90 251 191 198 234 155]
75   | 866261154992182191021546556741207469649478734434     | [171 116 96 229 154 167 71 217 203 126 154 86 191 42 90 251 191 198 234 155]
76   | 866261154992182191021546594520139332606640444002     | [171 116 96 229 154 167 71 217 203 126 154 86 191 42 90 251 191 198 234 155]
77   | 866261154992182191021546670078003058520963863138     | [171 116 96 229 154 167 71 217 203 126 154 86 191 42 90 251 191 198 234 155]
78   | 866261154992182191021546821193730510349610701410     | [171 116 96 229 154 167 71 217 203 126 154 86 191 42 90 251 191 198 234 155]
79   | 866261154992182191021547123425185414006904377954     | [171 116 96 229 154 167 71 217 203 126 154 86 191 42 90 251 191 198 234 155]
80   | 866261154992182191021547727888095221321491731042     | [171 116 96 229 154 167 71 217 203 126 154 86 191 42 90 251 191 198 234 155]
81   | 866261154992182191021548936813914835950666437218     | [171 116 96 229 154 167 71 217 203 126 154 86 191 42 90 251 191 198 234 155]
82   | 866261154992182191021551354665554065209015849570     | [171 116 96 229 154 167 71 217 203 126 154 86 191 42 90 251 191 198 234 155]
83   | 866261154992182191021556190368832523725714674274     | [171 116 96 229 154 167 71 217 203 126 154 86 191 42 90 251 191 198 234 155]
84   | 866261154992182191021565861775389440759112323682     | [171 116 96 229 154 167 71 217 203 126 154 86 191 42 90 251 191 198 234 155]
85   | 866261154992182191021585204588503274825907622498     | [171 116 96 229 154 167 71 217 203 126 154 86 191 42 90 251 191 198 234 155]
86   | 866261154992182191021623890214730942959498220130     | [171 116 96 229 154 167 71 217 203 126 154 86 191 42 90 251 191 198 234 155]
87   | 866261154992182191021701261467186279226679415394     | [171 116 96 229 154 167 71 217 203 126 154 86 191 42 90 251 191 198 234 155]
88   | 866261154992182191021856003972096951761041805922     | [171 116 96 229 154 167 71 217 203 126 154 86 191 42 90 251 191 198 234 155]
89   | 866261154992182191022165488981918296829766586978     | [171 116 96 229 154 167 71 217 203 126 154 86 191 42 90 251 191 198 234 155]
90   | 866261154992182191022784459001560986967216149090     | [171 116 96 229 154 167 71 217 203 126 154 86 191 42 90 251 191 198 234 155]
91   | 866261154992182191024022399040846367242115273314     | [171 116 96 229 154 167 71 217 203 126 154 86 191 42 90 251 191 198 234 155]
92   | 866261154992182191026498279119417127791913521762     | [171 116 96 229 154 167 71 217 203 126 154 86 191 42 90 251 191 198 234 155]
93   | 866261154992182191031450039276558648891510018658     | [171 116 96 229 154 167 71 217 203 126 154 86 191 42 90 251 191 198 234 155]
94   | 866261154992182191041353559590841691090703012450     | [171 116 96 229 154 167 71 217 203 126 154 86 191 42 90 251 191 198 234 155]
95   | 866261154992182191061160600219407775489089000034     | [171 116 96 229 154 167 71 217 203 126 154 86 191 42 90 251 191 198 234 155]
96   | 866261154992182191100774681476539944285860975202     | [171 116 96 229 154 167 71 217 203 126 154 86 191 42 90 251 191 198 234 155]
97   | 866261154992182191180002843990804281879404925538     | [171 116 96 229 154 167 71 217 203 126 154 86 191 42 90 251 191 198 234 155]
98   | 866261154992182191338459169019332957066492826210     | [171 116 96 229 154 167 71 217 203 126 154 86 191 42 90 251 191 198 234 155]
99   | 866261154992182191655371819076390307440668627554     | [171 116 96 229 154 167 71 217 203 126 154 86 191 42 90 251 191 198 234 155]
100   | 866261154992182192289197119190505008189020230242     | [171 116 96 229 154 167 71 217 203 126 154 86 191 42 90 251 191 198 234 155]
101   | 866261154992182193556847719418734409685723435618     | [171 116 96 229 154 167 71 217 203 126 154 86 191 42 90 251 191 198 234 155]
102   | 866261154992182196092148919875193212679129846370     | [171 116 96 229 154 167 71 217 203 126 154 86 191 42 90 251 191 198 234 155]
103   | 866261154992182201162751320788110818665942667874     | [171 116 96 229 154 167 71 217 203 126 154 86 191 42 90 251 191 198 234 155]
104   | 866261154992182211303956122613946030639568310882     | [171 116 96 229 154 167 71 217 203 126 154 86 191 42 90 251 191 198 234 155]
105   | 866261154992182231586365726265616454586819596898     | [171 116 96 229 154 167 71 217 203 126 154 86 191 42 90 251 191 198 234 155]
106   | 866261154992182272151184933568957302481322168930     | [171 116 96 229 154 167 71 217 203 126 154 86 191 42 90 251 191 198 234 155]
107   | 866261154992182353280823348175638998270327312994     | [171 116 96 229 154 167 71 217 203 126 154 86 191 42 90 251 191 198 234 155]
108   | 866261154992182515540100177389002389848337601122     | [171 116 96 229 154 167 71 217 203 126 154 86 191 42 90 251 191 198 234 155]
109   | 866261154992182840058653835815729173004358177378     | [171 116 96 229 154 167 71 217 203 126 154 86 191 42 90 251 191 198 234 155]
110   | 866261154992183489095761152669182739316399329890     | [171 116 96 229 154 167 71 217 203 126 154 86 191 42 90 251 191 198 234 155]
111   | 866261154992184787169975786376089871940481634914     | [171 116 96 229 154 167 71 217 203 126 154 86 191 42 90 251 191 198 234 155]
112   | 866261154992187383318405053789904137188646244962     | [171 116 96 229 154 167 71 217 203 126 154 86 191 42 90 251 191 198 234 155]
113   | 866261154992192575615263588617532667684975465058     | [171 116 96 229 154 167 71 217 203 126 154 86 191 42 90 251 191 198 234 155]
114   | 866261154992202960208980658272789728677633905250     | [171 116 96 229 154 167 71 217 203 126 154 86 191 42 90 251 191 198 234 155]
115   | 866261154992223729396414797583303850662950785634     | [171 116 96 229 154 167 71 217 203 126 154 86 191 42 90 251 191 198 234 155]
116   | 866261154992265267771283076204332094633584546402     | [171 116 96 229 154 167 71 217 203 126 154 86 191 42 90 251 191 198 234 155]
117   | 866261154992348344521019633446388582574852067938     | [171 116 96 229 154 167 71 217 203 126 154 86 191 42 90 251 191 198 234 155]
118   | 866261154992514498020492747930501558457387111010     | [171 116 96 229 154 167 71 217 203 126 154 86 191 42 90 251 191 198 234 155]
119   | 866261154992846805019438976898727510222457197154     | [171 116 96 229 154 167 71 217 203 126 154 86 191 42 90 251 191 198 234 155]
120   | 866261154993511419017331434835179413752597369442     | [171 116 96 229 154 167 71 217 203 126 154 86 191 42 90 251 191 198 234 155]
121   | 866261154994840647013116350708083220812877714018     | [171 116 96 229 154 167 71 217 203 126 154 86 191 42 90 251 191 198 234 155]
122   | 866261154997499103004686182453890834933438403170     | [171 116 96 229 154 167 71 217 203 126 154 86 191 42 90 251 191 198 234 155]
123   | 866261155002816014987825845945506063174559781474     | [171 116 96 229 154 167 71 217 203 126 154 86 191 42 90 251 191 198 234 155]
124   | 866261155013449838954105172928736519656802538082     | [171 116 96 229 154 167 71 217 203 126 154 86 191 42 90 251 191 198 234 155]
125   | 866261155034717486886663826895197432621288051298     | [171 116 96 229 154 167 71 217 203 126 154 86 191 42 90 251 191 198 234 155]
126   | 866261155077252782751781134828119258550259077730     | [171 116 96 229 154 167 71 217 203 126 154 86 191 42 90 251 191 198 234 155]
127   | 866261155162323374482015750693962910408201130594     | [171 116 96 229 154 167 71 217 203 126 154 86 191 42 90 251 191 198 234 155]
128   | 866261155332464557942484982425650214124085236322     | [171 116 96 229 154 167 71 217 203 126 154 86 191 42 90 251 191 198 234 155]
129   | 866261155672746924863423445889024821555853447778     | [171 116 96 229 154 167 71 217 203 126 154 86 191 42 90 251 191 198 234 155]
130   | 866261156353311658705300372815774036419389870690     | [171 116 96 229 154 167 71 217 203 126 154 86 191 42 90 251 191 198 234 155]
131   | 866261157714441126389054226669272466146462716514     | [171 116 96 229 154 167 71 217 203 126 154 86 191 42 90 251 191 198 234 155]
132   | 866261160436700061756561934376269325600608408162     | [171 116 96 229 154 167 71 217 203 126 154 86 191 42 90 251 191 198 234 155]
133   | 866261165881217932491577349790263044508899791458     | [171 116 96 229 154 167 71 217 203 126 154 86 191 42 90 251 191 198 234 155]
134   | 866261176770253673961608180618250482325482558050     | [171 116 96 229 154 167 71 217 203 126 154 86 191 42 90 251 191 198 234 155]
135   | 866261198548325156901669842274225357958648091234     | [171 116 96 229 154 167 71 217 203 126 154 86 191 42 90 251 191 198 234 155]
136   | 866261242104468122781793165586175109224979157602     | [171 116 96 229 154 167 71 217 203 126 154 86 191 42 90 251 191 198 234 155]
137   | 866261329216754054542039812210074611757641290338     | [171 116 96 229 154 167 71 217 203 126 154 86 191 42 90 251 191 198 234 155]
138   | 866261503441325918062533105457873616822965555810     | [171 116 96 229 154 167 71 217 203 126 154 86 191 42 90 251 191 198 234 155]
139   | 866261851890469645103519691953471626953614086754     | [171 116 96 229 154 167 71 217 203 126 154 86 191 42 90 251 191 198 234 155]
140   | 866262548788757099185492864944667647214911148642     | [171 116 96 229 154 167 71 217 203 126 154 86 191 42 90 251 191 198 234 155]
141   | 866263942585332007349439210927059687737505272418     | [171 116 96 229 154 167 71 217 203 126 154 86 191 42 90 251 191 198 234 155]
142   | 866266730178481823677331902891843768782693519970     | [171 116 96 229 154 167 71 217 203 126 154 86 191 42 90 251 191 198 234 155]
143   | 866272305364781456333117286821411930873070015074     | [171 116 96 229 154 167 71 217 203 126 154 86 191 42 90 251 191 198 234 155]
144   | 866283455737380721644688054680548255053823005282     | [171 116 96 229 154 167 71 217 203 126 154 86 191 42 90 251 191 198 234 155]
145   | 866305756482579252267829590398820903415328985698     | [171 116 96 229 154 167 71 217 203 126 154 86 191 42 90 251 191 198 234 155]
146   | 866350357972976313514112661835366200138340946530     | [171 116 96 229 154 167 71 217 203 126 154 86 191 42 90 251 191 198 234 155]
147   | 866439560953770436006678804708456793584364868194     | [171 116 96 229 154 167 71 217 203 126 154 86 191 42 90 251 191 198 234 155]
148   | 866617966915358680991811090454637980476412711522     | [171 116 96 229 154 167 71 217 203 126 154 86 191 42 90 251 191 198 234 155]
149   | 866974778838535170962075661947000354260508398178     | [171 116 96 229 154 167 71 217 203 126 154 86 191 42 90 251 191 198 234 155]
150   | 867688402684888150902604804931725101828699771490     | [171 116 96 229 154 167 71 217 203 126 154 86 191 42 90 251 191 198 234 155]
151   | 869115650377594110783663090901174596965082518114     | [171 116 96 229 154 167 71 217 203 126 154 86 191 42 90 251 191 198 234 155]
152   | 871970145763006030545779662840073587237848011362     | [171 116 96 229 154 167 71 217 203 126 154 86 191 42 90 251 191 198 234 155]
153   | 877679136533829870070012806717871567783378997858     | [171 116 96 229 154 167 71 217 203 126 154 86 191 42 90 251 191 198 234 155]
154   | 889097118075477549118479094473467528874440970850     | [171 116 96 229 154 167 71 217 203 126 154 86 191 42 90 251 191 198 234 155]
155   | 911933081158772907215411669984659451056564916834     | [171 116 96 229 154 167 71 217 203 126 154 86 191 42 90 251 191 198 234 155]
156   | 957605007325363623409276821007043295420812808802     | [171 116 96 229 154 167 71 217 203 126 154 86 191 42 90 251 191 198 234 155]
157   | 1048948859658545055797007123051810984149308592738     | [248 59 65 57 88 43 187 238 88 33 6 131 162 44 40 234 248 177 32 85]
158   | 1231636564324907920572467727141346361606300160610     | [248 59 65 57 88 43 187 238 88 33 6 131 162 44 40 234 248 177 32 85]
159   | 135510336326730731919704102604134096864350753378     | [50 108 204 91 106 19 147 153 247 124 91 252 20 226 249 118 15 7 104 105]
Predecessor: [76 195 96 17 111 163 105 116 128 156 112 20 179 200 102 211 145 139 253 238]
hops: 3 latency: 1.981763
hops: 2 latency: 1.196644
hops: 1 latency: 0.581911
hops: 3 latency: 2.035223
hops: 3 latency: 1.818788
hops: 3 latency: 1.771952
hops: 3 latency: 1.718663
hops: 2 latency: 1.178395
hops: 3 latency: 1.955649
hops: 1 latency: 0.545162
hops: 3 latency: 1.769768
hops: 3 latency: 1.846714
hops: 3 latency: 1.81187
hops: 2 latency: 1.273587
hops: 2 latency: 1.070477
hops: 2 latency: 1.351928
hops: 2 latency: 1.516265
hops: 3 latency: 2.12409
hops: 3 latency: 2.040311
hops: 2 latency: 1.209904
hops: 3 latency: 1.63092
hops: 1 latency: 0.615676
hops: 2 latency: 1.238847
hops: 2 latency: 1.312924
hops: 2 latency: 1.120778
hops: 3 latency: 1.551196
hops: 3 latency: 1.477329
hops: 2 latency: 1.199547
hops: 2 latency: 1.153716
hops: 3 latency: 1.879838
hops: 3 latency: 1.728865
hops: 2 latency: 1.065336
hops: 2 latency: 1.120804
hops: 2 latency: 1.02334
hops: 3 latency: 1.509435
hops: 3 latency: 1.740188
hops: 3 latency: 1.678302
hops: 3 latency: 1.640071
hops: 1 latency: 0.352014
hops: 3 latency: 1.724599
hops: 2 latency: 1.043149
hops: 3 latency: 2.061672
hops: 3 latency: 1.588972
hops: 3 latency: 1.704289
hops: 3 latency: 1.840571
hops: 3 latency: 1.612945
hops: 2 latency: 1.101505
hops: 3 latency: 2.039988
hops: 3 latency: 1.983638
hops: 3 latency: 1.678893
hops: 2 latency: 0.954884
hops: 1 latency: 0.490265
hops: 1 latency: 0.711533
hops: 1 latency: 0.531394
hops: 3 latency: 1.858406
hops: 3 latency: 1.607398
hops: 2 latency: 1.25161
hops: 2 latency: 1.018145
hops: 2 latency: 1.120515
hops: 1 latency: 0.487958
hops: 3 latency: 1.568853
hops: 1 latency: 0.481054
hops: 2 latency: 1.257563
hops: 1 latency: 0.603994
hops: 2 latency: 1.172444
hops: 2 latency: 1.334666
hops: 2 latency: 1.075501
hops: 3 latency: 1.725607
hops: 1 latency: 0.650945
hops: 2 latency: 1.048104
hops: 1 latency: 0.344279
hops: 2 latency: 1.317525
hops: 2 latency: 1.199074
hops: 1 latency: 0.31404
hops: 1 latency: 0.295848
hops: 3 latency: 1.685719
hops: 2 latency: 1.084985
hops: 2 latency: 0.970037
hops: 3 latency: 2.147673
hops: 3 latency: 1.99447
hops: 1 latency: 0.505198
hops: 3 latency: 2.197279
hops: 3 latency: 1.758809
hops: 1 latency: 0.588773
hops: 2 latency: 1.310238
hops: 3 latency: 2.154443
hops: 3 latency: 2.066039
hops: 3 latency: 2.154822
hops: 2 latency: 1.615089
hops: 3 latency: 2.500777
hops: 1 latency: 0.518428
hops: 2 latency: 1.224299
hops: 3 latency: 2.488025
hops: 2 latency: 1.306277
hops: 2 latency: 1.329716
hops: 3 latency: 2.440794
hops: 3 latency: 3.395797
hops: 3 latency: 2.101823
hops: 2 latency: 1.432199
hops: 1 latency: 1.116019
hops: 2 latency: 2.890024
hops: 2 latency: 1.714319
hops: 3 latency: 2.063297
hops: 2 latency: 1.579458
hops: 2 latency: 1.204103
hops: 3 latency: 2.109865
hops: 1 latency: 0.461789
hops: 3 latency: 1.778495
hops: 3 latency: 1.730324
hops: 1 latency: 0.369261
hops: 2 latency: 1.172756
hops: 3 latency: 2.312159
hops: 3 latency: 1.90204
hops: 3 latency: 2.570021
hops: 1 latency: 0.76052
hops: 1 latency: 0.760617
hops: 3 latency: 2.323009
hops: 3 latency: 1.685469
hops: 3 latency: 1.922411
hops: 1 latency: 0.675585
hops: 1 latency: 0.476369
hops: 1 latency: 0.338609
hops: 3 latency: 1.81847
hops: 2 latency: 1.333264
hops: 1 latency: 1.483531
hops: 3 latency: 2.070702
hops: 1 latency: 0.703145
hops: 3 latency: 3.763797
hops: 1 latency: 0.717186
hops: 3 latency: 2.84748
hops: 2 latency: 1.268603
hops: 3 latency: 2.093297
hops: 1 latency: 0.417908
hops: 3 latency: 2.582312
hops: 2 latency: 1.139757
hops: 1 latency: 0.451972
hops: 3 latency: 1.682721
hops: 1 latency: 0.512374
hops: 1 latency: 0.525727
hops: 2 latency: 1.120716
hops: 2 latency: 1.339032
hops: 1 latency: 0.322011
hops: 3 latency: 1.964792
hops: 3 latency: 2.281526
hops: 1 latency: 0.59899
hops: 1 latency: 0.80162
hops: 3 latency: 2.505816
hops: 2 latency: 1.117461
hops: 2 latency: 1.415726
hops: 2 latency: 1.17565
hops: 3 latency: 2.173314
hops: 3 latency: 1.858845
hops: 3 latency: 1.627547
hops: 3 latency: 2.41269
hops: 3 latency: 2.030689
hops: 3 latency: 1.709229
hops: 1 latency: 0.294183
hops: 1 latency: 0.333333
hops: 3 latency: 1.606437
hops: 2 latency: 1.280953
hops: 3 latency: 2.314534
hops: 1 latency: 0.323929
hops: 2 latency: 1.176711
hops: 3 latency: 1.626751
hops: 2 latency: 1.052393
hops: 3 latency: 3.023046
hops: 2 latency: 1.268669
hops: 3 latency: 1.690905
hops: 1 latency: 0.398214
hops: 1 latency: 0.265085
hops: 1 latency: 0.610347
hops: 3 latency: 2.057294
hops: 1 latency: 0.50219
hops: 2 latency: 1.150014
hops: 3 latency: 1.805202
hops: 3 latency: 1.820353
hops: 1 latency: 0.790576
hops: 2 latency: 1.267411
hops: 2 latency: 1.6254
hops: 3 latency: 3.31928
hops: 3 latency: 3.703181
hops: 3 latency: 2.406143
hops: 2 latency: 1.339134
hops: 3 latency: 2.486177
hops: 3 latency: 2.924313
hops: 3 latency: 2.146089
hops: 2 latency: 1.922024
hops: 1 latency: 0.401443
hops: 1 latency: 0.489683
hops: 1 latency: 0.606743
hops: 3 latency: 1.667226
hops: 3 latency: 1.647416
hops: 3 latency: 2.34325
hops: 3 latency: 2.306992
hops: 3 latency: 1.880391
hops: 2 latency: 1.581853
hops: 2 latency: 1.538034
hops: 2 latency: 1.10145
hops: 2 latency: 1.207272
hops: 3 latency: 1.94086
hops: 2 latency: 1.862459
hops: 2 latency: 1.458025
hops: 3 latency: 2.215846
hops: 3 latency: 1.786444
hops: 1 latency: 0.53349
hops: 2 latency: 2.032792
hops: 1 latency: 0.686993
hops: 2 latency: 1.237315
hops: 3 latency: 1.669812
hops: 3 latency: 1.553081
hops: 1 latency: 0.613411
hops: 2 latency: 1.505861
hops: 3 latency: 2.212732
hops: 3 latency: 1.900781
hops: 3 latency: 1.678643
hops: 1 latency: 0.496622
hops: 2 latency: 1.22371
hops: 2 latency: 1.148932
hops: 2 latency: 1.100275
hops: 1 latency: 0.584238
hops: 2 latency: 1.300913
hops: 2 latency: 1.349997
hops: 2 latency: 1.357115
hops: 2 latency: 1.006375
hops: 3 latency: 2.94252
hops: 3 latency: 1.97876
hops: 1 latency: 0.460677
hops: 1 latency: 0.431471
hops: 3 latency: 1.826096
hops: 2 latency: 1.497942
hops: 2 latency: 1.07583
hops: 3 latency: 1.662007
hops: 2 latency: 2.394794
hops: 1 latency: 0.535928
hops: 2 latency: 1.318067
hops: 3 latency: 2.18968
hops: 3 latency: 2.255984
hops: 1 latency: 0.337584
hops: 3 latency: 2.171442
hops: 3 latency: 1.92597
hops: 2 latency: 1.252916
hops: 3 latency: 2.095893
hops: 3 latency: 1.716283
hops: 1 latency: 0.402555
hops: 1 latency: 0.577359
hops: 2 latency: 1.853252
hops: 3 latency: 2.516625
hops: 3 latency: 1.629348
hops: 2 latency: 1.156356
hops: 3 latency: 1.525841
hops: 2 latency: 1.17166
hops: 1 latency: 1.264777
hops: 3 latency: 1.821705
hops: 1 latency: 0.351064
hops: 3 latency: 1.716677
hops: 3 latency: 1.848429
hops: 2 latency: 1.620951
hops: 1 latency: 0.820984
hops: 1 latency: 0.399106
hops: 3 latency: 1.834923
hops: 2 latency: 1.221951
hops: 3 latency: 1.659706
hops: 1 latency: 0.382831
hops: 1 latency: 0.312103
hops: 2 latency: 1.200835
hops: 3 latency: 2.673519
hops: 2 latency: 1.091342
hops: 3 latency: 1.725004
hops: 2 latency: 2.245823
hops: 3 latency: 1.519176
hops: 2 latency: 1.220757
hops: 3 latency: 1.762796
hops: 3 latency: 2.377809
hops: 1 latency: 0.396311
hops: 1 latency: 0.31816
hops: 3 latency: 1.740104
hops: 3 latency: 1.628033
hops: 3 latency: 3.314578
hops: 3 latency: 1.717089
hops: 3 latency: 1.605642
hops: 3 latency: 1.540491
hops: 2 latency: 1.145908
hops: 3 latency: 2.470429
hops: 3 latency: 1.866748
hops: 1 latency: 0.519026
hops: 1 latency: 0.491056
hops: 1 latency: 0.363247
hops: 2 latency: 1.199439
hops: 3 latency: 2.546678
hops: 1 latency: 0.476007
hops: 1 latency: 0.558115
hops: 3 latency: 1.455197
hops: 3 latency: 1.767082
hops: 2 latency: 1.165558
hops: 2 latency: 1.10364
hops: 2 latency: 1.533446
hops: 3 latency: 1.897125
hops: 1 latency: 0.640368
hops: 1 latency: 0.438688
hops: 2 latency: 1.66125
hops: 1 latency: 0.481115
hops: 1 latency: 0.52077
hops: 3 latency: 2.347251
hops: 3 latency: 1.880004
hops: 3 latency: 2.208502
hops: 2 latency: 1.591704
hops: 2 latency: 1.097364
hops: 2 latency: 1.03619
hops: 2 latency: 1.071222
hops: 3 latency: 1.99509
hops: 2 latency: 1.932196
hops: 3 latency: 2.105721
hops: 3 latency: 1.660302
hops: 1 latency: 0.523284
hops: 3 latency: 2.151572
hops: 3 latency: 1.763413
hops: 2 latency: 1.211797
hops: 2 latency: 1.165124
hops: 3 latency: 1.560295
hops: 2 latency: 1.934457
hops: 2 latency: 5.109615
hops: 1 latency: 1.44117
hops: 1 latency: 0.864174
hops: 1 latency: 0.560388
hops: 3 latency: 1.814097
hops: 2 latency: 1.30594
hops: 3 latency: 2.623159
hops: 3 latency: 2.078376
hops: 2 latency: 1.601403
hops: 1 latency: 0.668992
hops: 1 latency: 0.406936
hops: 2 latency: 1.126563
hops: 3 latency: 2.450388
hops: 3 latency: 2.006915
hops: 1 latency: 0.322183
hops: 2 latency: 1.18826
hops: 2 latency: 1.002479
hops: 1 latency: 0.678334
hops: 2 latency: 1.093748
hops: 3 latency: 2.573726
hops: 2 latency: 1.628611
hops: 1 latency: 0.583012
hops: 2 latency: 1.036343
hops: 3 latency: 2.146201
hops: 1 latency: 0.465185
hops: 3 latency: 1.642934
hops: 3 latency: 2.091343
hops: 1 latency: 0.519575
hops: 3 latency: 2.236061
hops: 3 latency: 1.627221
hops: 3 latency: 2.17233
hops: 2 latency: 1.366107
hops: 3 latency: 2.013126
hops: 3 latency: 1.760639
hops: 2 latency: 1.125625
hops: 3 latency: 1.74559
hops: 2 latency: 1.123923
hops: 1 latency: 0.500153
hops: 3 latency: 2.395227
hops: 2 latency: 1.456263
hops: 1 latency: 0.299808
hops: 3 latency: 2.321196
hops: 3 latency: 1.820568
hops: 2 latency: 1.872731
hops: 2 latency: 1.220112
hops: 3 latency: 1.951246
hops: 3 latency: 1.795759
hops: 3 latency: 1.648417
hops: 2 latency: 1.218964
hops: 1 latency: 0.297701
hops: 2 latency: 1.180321
hops: 2 latency: 1.718297
hops: 2 latency: 1.566203
hops: 2 latency: 1.071485
hops: 2 latency: 1.043251
hops: 1 latency: 0.325248
hops: 3 latency: 1.567857
hops: 3 latency: 1.956952
hops: 1 latency: 0.432643
hops: 2 latency: 0.99506
hops: 2 latency: 1.191392
hops: 3 latency: 1.637141
hops: 3 latency: 1.584098
hops: 1 latency: 0.555037
hops: 3 latency: 1.791183
hops: 3 latency: 1.797422
hops: 2 latency: 1.091331
hops: 3 latency: 1.579756
hops: 3 latency: 1.500436
hops: 2 latency: 0.964807
hops: 1 latency: 0.343194
hops: 2 latency: 0.924055
hops: 3 latency: 1.603271
hops: 1 latency: 0.407682
hops: 3 latency: 1.516281
hops: 2 latency: 1.130107
hops: 1 latency: 0.446154
hops: 2 latency: 1.116208
hops: 3 latency: 1.570199
hops: 2 latency: 1.073537
hops: 3 latency: 1.531003
hops: 1 latency: 0.580813
hops: 1 latency: 0.367845
hops: 2 latency: 0.97195
hops: 3 latency: 1.588348
hops: 1 latency: 0.484198
hops: 1 latency: 0.350364
hops: 3 latency: 1.493215
hops: 2 latency: 0.993223
hops: 1 latency: 0.487866
hops: 1 latency: 0.307225
hops: 2 latency: 0.897935
hops: 1 latency: 0.460283
hops: 1 latency: 0.518612
hops: 2 latency: 1.21102
hops: 2 latency: 0.89475
hops: 1 latency: 0.555894
hops: 1 latency: 0.507009
hops: 2 latency: 0.962793
hops: 2 latency: 1.001751
hops: 2 latency: 0.925085
hops: 3 latency: 1.508947
hops: 2 latency: 1.050721
hops: 2 latency: 0.929118
hops: 3 latency: 1.641895
hops: 3 latency: 1.568799
hops: 3 latency: 1.335501
hops: 2 latency: 0.928862
hops: 3 latency: 1.468553
hops: 2 latency: 1.016159
hops: 2 latency: 1.116318
hops: 1 latency: 0.379636
hops: 2 latency: 0.942703
hops: 3 latency: 1.691746
hops: 1 latency: 0.35243
hops: 2 latency: 1.221571
hops: 3 latency: 1.521568
hops: 2 latency: 1.217629
hops: 3 latency: 1.59051
hops: 3 latency: 1.562183
hops: 3 latency: 1.443474
hops: 1 latency: 0.483821
hops: 1 latency: 0.280171
hops: 2 latency: 1.200019
hops: 3 latency: 1.779618
hops: 3 latency: 1.681427
hops: 3 latency: 1.690711
hops: 3 latency: 1.553568
hops: 1 latency: 0.556151
hops: 2 latency: 1.012836
hops: 2 latency: 0.904088
hops: 3 latency: 1.484816
hops: 3 latency: 1.508405
hops: 3 latency: 1.4036
hops: 3 latency: 1.768106
hops: 2 latency: 0.963818
hops: 2 latency: 0.893639
hops: 2 latency: 0.902326
hops: 3 latency: 1.460303
hops: 1 latency: 0.44655
hops: 3 latency: 1.395877
hops: 2 latency: 1.034227
hops: 3 latency: 1.545312
hops: 2 latency: 1.027695
hops: 2 latency: 0.881796
hops: 1 latency: 0.308831
hops: 1 latency: 0.457935
hops: 2 latency: 0.950887
hops: 2 latency: 1.005343
hops: 2 latency: 0.958508
hops: 3 latency: 1.568868
hops: 2 latency: 1.3189
hops: 3 latency: 1.478956
hops: 1 latency: 0.452781
hops: 1 latency: 0.287731
hops: 3 latency: 1.559768
hops: 2 latency: 0.964803
hops: 2 latency: 0.941602
hops: 3 latency: 1.434181
hops: 2 latency: 0.994141
hops: 1 latency: 0.393741
hops: 1 latency: 0.638654
hops: 3 latency: 1.488257
hops: 2 latency: 1.132029
hops: 3 latency: 1.46601
hops: 2 latency: 0.966155
hops: 1 latency: 0.5548
hops: 3 latency: 1.565985
hops: 2 latency: 1.083713
hops: 2 latency: 0.998416
hops: 1 latency: 0.481873
hops: 3 latency: 1.656264
hops: 3 latency: 1.527256
hops: 1 latency: 0.281565
hops: 2 latency: 0.930969
hops: 3 latency: 1.827782
hops: 3 latency: 1.778393
hops: 3 latency: 1.628734
hops: 2 latency: 0.987783
hops: 3 latency: 1.457821
hops: 3 latency: 1.474952
hops: 3 latency: 1.660119
hops: 1 latency: 0.302947
hops: 2 latency: 1.107503
hops: 3 latency: 1.596823
hops: 1 latency: 0.347708
hops: 3 latency: 1.517725
hops: 2 latency: 0.975094
hops: 3 latency: 1.607078
hops: 1 latency: 0.537015
hops: 1 latency: 0.465696
hops: 3 latency: 1.776523
hops: 2 latency: 1.137558
hops: 1 latency: 0.424548
hops: 2 latency: 0.995849
hops: 1 latency: 0.453958
hops: 2 latency: 0.919326
hops: 3 latency: 1.792965
hops: 3 latency: 1.642074
hops: 2 latency: 0.989397
hops: 2 latency: 1.340164
hops: 1 latency: 0.681683
hops: 2 latency: 1.990747
hops: 2 latency: 2.38628
hops: 1 latency: 0.906405
hops: 3 latency: 3.689683
hops: 1 latency: 0.359357
hops: 1 latency: 0.346508
hops: 2 latency: 0.971263
hops: 3 latency: 1.55021
hops: 2 latency: 1.109589
hops: 2 latency: 0.934075
hops: 2 latency: 1.063321
hops: 3 latency: 1.859191
hops: 3 latency: 1.980463
hops: 1 latency: 0.340009
hops: 3 latency: 1.67347
hops: 2 latency: 5.164902
hops: 2 latency: 1.253237
hops: 1 latency: 0.591167
hops: 3 latency: 2.565829
hops: 3 latency: 1.868399
hops: 1 latency: 0.542878
hops: 2 latency: 1.227737
hops: 3 latency: 1.632953
hops: 2 latency: 0.984484
hops: 2 latency: 1.089285
hops: 3 latency: 1.603883
hops: 1 latency: 0.4122
hops: 1 latency: 0.378434
hops: 1 latency: 0.416895
hops: 3 latency: 1.673226
hops: 2 latency: 1.02643
hops: 1 latency: 0.484782
hops: 3 latency: 1.670343
hops: 3 latency: 1.630315
hops: 2 latency: 1.041392
hops: 1 latency: 0.648898
hops: 2 latency: 1.019729
hops: 3 latency: 1.417953
hops: 1 latency: 0.64779
hops: 3 latency: 1.643806
hops: 3 latency: 1.365507
hops: 2 latency: 0.996382
hops: 2 latency: 1.033984
hops: 2 latency: 1.126823
hops: 1 latency: 0.477195
hops: 3 latency: 1.588754
hops: 3 latency: 1.416142
hops: 1 latency: 0.326628
hops: 2 latency: 1.050722
hops: 3 latency: 1.501341
hops: 2 latency: 0.963896
hops: 3 latency: 1.415505
hops: 1 latency: 0.329089
hops: 3 latency: 1.461976
hops: 3 latency: 1.578924
hops: 3 latency: 1.293009
hops: 3 latency: 1.493613
hops: 1 latency: 0.562687
hops: 1 latency: 0.558604
hops: 2 latency: 1.684715
hops: 2 latency: 1.175141
hops: 3 latency: 1.487514
hops: 2 latency: 1.085803
hops: 3 latency: 1.69587
hops: 2 latency: 0.926197
hops: 2 latency: 0.940354
hops: 3 latency: 2.725717
hops: 2 latency: 1.148978
hops: 3 latency: 1.435356
hops: 3 latency: 1.498254
hops: 2 latency: 1.082454
hops: 1 latency: 0.621336
hops: 3 latency: 1.457153
hops: 3 latency: 1.472777
hops: 3 latency: 1.46605
hops: 1 latency: 0.541192
hops: 3 latency: 1.744466
hops: 2 latency: 0.969772
hops: 3 latency: 1.483185
hops: 2 latency: 1.112494
hops: 3 latency: 1.434105
hops: 3 latency: 1.798056
hops: 3 latency: 1.489892
hops: 3 latency: 1.326355
hops: 1 latency: 0.451858
hops: 2 latency: 1.031663
hops: 3 latency: 1.462094
hops: 3 latency: 1.449163
hops: 2 latency: 1.016014
hops: 3 latency: 1.365683
hops: 3 latency: 1.550262
hops: 2 latency: 0.998292
hops: 1 latency: 0.371415
hops: 2 latency: 1.002404
hops: 2 latency: 0.971049
hops: 3 latency: 1.563098
hops: 2 latency: 1.088677
hops: 3 latency: 1.438264
hops: 1 latency: 0.324195
hops: 1 latency: 0.494483
hops: 3 latency: 1.509065
hops: 2 latency: 0.990203
hops: 2 latency: 0.898601
hops: 3 latency: 1.523954
hops: 1 latency: 0.442959
hops: 2 latency: 1.070663
hops: 2 latency: 1.312027
hops: 1 latency: 0.392131
hops: 2 latency: 0.898077
hops: 1 latency: 0.393691
hops: 3 latency: 1.692213
hops: 1 latency: 0.457444
hops: 2 latency: 0.937819
hops: 1 latency: 0.430654
hops: 3 latency: 1.433543
hops: 2 latency: 1.036356
hops: 2 latency: 1.033852
hops: 2 latency: 0.973
hops: 3 latency: 1.628146
hops: 2 latency: 1.055812
hops: 3 latency: 1.537575
hops: 3 latency: 1.498353
hops: 3 latency: 1.438262
hops: 1 latency: 0.327418
hops: 2 latency: 1.17185
hops: 3 latency: 1.369962
hops: 2 latency: 1.07154
hops: 1 latency: 0.486826
hops: 1 latency: 0.322486
hops: 2 latency: 0.896574
hops: 3 latency: 1.448713
hops: 2 latency: 0.914706
hops: 3 latency: 1.427853
hops: 2 latency: 0.982676
hops: 1 latency: 0.521296
hops: 3 latency: 1.396069
hops: 3 latency: 1.361506
hops: 3 latency: 1.505651
hops: 1 latency: 0.441395
hops: 2 latency: 1.016978
hops: 2 latency: 0.918249
hops: 2 latency: 1.157536
hops: 1 latency: 0.320735
hops: 3 latency: 1.530974
hops: 2 latency: 1.037604
hops: 3 latency: 1.432472
hops: 1 latency: 0.525532
hops: 1 latency: 0.296394
hops: 2 latency: 0.914149
hops: 2 latency: 0.902759
hops: 3 latency: 1.544608
hops: 3 latency: 1.669109
hops: 2 latency: 1.090516
hops: 2 latency: 1.026578
hops: 1 latency: 0.423326
hops: 2 latency: 1.004568
hops: 2 latency: 0.972182
hops: 1 latency: 0.469538
hops: 1 latency: 0.527018
hops: 3 latency: 1.568433
hops: 1 latency: 0.330966
hops: 3 latency: 1.445843
hops: 3 latency: 1.678002
hops: 2 latency: 0.940785
hops: 3 latency: 1.503377
hops: 3 latency: 1.6212
hops: 3 latency: 1.822144
hops: 1 latency: 0.717027
hops: 2 latency: 1.138923
hops: 3 latency: 1.607853
hops: 3 latency: 1.564828
hops: 2 latency: 1.020779
hops: 3 latency: 1.425653
hops: 3 latency: 1.474294
hops: 3 latency: 1.58629
hops: 3 latency: 1.560547
hops: 3 latency: 1.512263
hops: 2 latency: 0.995099
hops: 1 latency: 0.262177
hops: 2 latency: 1.006769
hops: 3 latency: 1.330617
hops: 2 latency: 1.236424
hops: 3 latency: 1.575566
hops: 2 latency: 0.955877
hops: 3 latency: 1.494184
hops: 3 latency: 1.535712
hops: 3 latency: 1.470275
hops: 3 latency: 1.482288
hops: 2 latency: 1.080622
hops: 1 latency: 0.37327
hops: 1 latency: 0.323253
hops: 3 latency: 1.728186
hops: 3 latency: 1.56235
hops: 1 latency: 0.612525
hops: 3 latency: 1.548869
hops: 3 latency: 1.438705
hops: 3 latency: 1.720773
hops: 3 latency: 1.563162
hops: 3 latency: 1.611108
hops: 2 latency: 1.068402
hops: 2 latency: 0.911122
hops: 2 latency: 0.990488
hops: 3 latency: 1.665128
hops: 3 latency: 2.068626
hops: 3 latency: 1.640248
hops: 2 latency: 1.066788
hops: 3 latency: 1.524763
hops: 3 latency: 1.543756
hops: 2 latency: 0.952141
hops: 2 latency: 0.94928
hops: 3 latency: 1.50685
hops: 1 latency: 0.396389
hops: 3 latency: 1.485751
hops: 1 latency: 0.298859
hops: 3 latency: 1.435815
hops: 3 latency: 1.43144
hops: 3 latency: 1.395745
hops: 2 latency: 1.088813
hops: 3 latency: 1.519213
hops: 3 latency: 1.51142
hops: 2 latency: 1.126975
hops: 3 latency: 1.625859
hops: 3 latency: 1.523911
hops: 3 latency: 1.537285
hops: 3 latency: 1.752541
hops: 2 latency: 1.107848
hops: 2 latency: 1.064863
hops: 2 latency: 0.995951
hops: 3 latency: 1.93424
hops: 1 latency: 0.91419
hops: 1 latency: 0.281248
hops: 2 latency: 0.998215
hops: 1 latency: 0.302008
hops: 3 latency: 2.200277
hops: 2 latency: 1.050362
hops: 2 latency: 3.775465
hops: 2 latency: 1.229138
hops: 2 latency: 1.352979
hops: 2 latency: 0.963387
hops: 3 latency: 1.523317
hops: 3 latency: 1.575039
hops: 2 latency: 0.973745
hops: 1 latency: 0.355483
hops: 2 latency: 0.9554
hops: 3 latency: 1.58531
hops: 3 latency: 1.560907
hops: 1 latency: 0.504032
hops: 3 latency: 1.508149
hops: 3 latency: 1.497967
hops: 3 latency: 1.565201
hops: 3 latency: 1.667015
hops: 3 latency: 1.473213
hops: 1 latency: 0.620272
hops: 3 latency: 1.542821
hops: 2 latency: 1.042607
hops: 3 latency: 1.706085
hops: 3 latency: 1.5174
hops: 2 latency: 1.012171
hops: 2 latency: 1.05935
hops: 2 latency: 1.054341
hops: 3 latency: 1.744891
hops: 3 latency: 1.74693
hops: 1 latency: 0.333936
hops: 1 latency: 0.320417
hops: 3 latency: 1.612544
hops: 2 latency: 0.973809
hops: 1 latency: 0.289409
hops: 3 latency: 1.897284
hops: 3 latency: 1.598172
hops: 3 latency: 1.652321
hops: 2 latency: 1.017105
hops: 1 latency: 0.313465
hops: 3 latency: 1.483529
hops: 2 latency: 1.140299
hops: 1 latency: 0.465941
hops: 1 latency: 0.302565
hops: 1 latency: 0.413693
hops: 3 latency: 1.763348
hops: 3 latency: 1.587425
hops: 2 latency: 0.981145
hops: 1 latency: 0.285064
hops: 3 latency: 1.749819
hops: 3 latency: 1.585501
hops: 3 latency: 1.869693
hops: 3 latency: 1.590942
hops: 2 latency: 1.018715
hops: 2 latency: 1.035229
hops: 2 latency: 1.064878
hops: 3 latency: 1.410598
hops: 3 latency: 1.494354
hops: 1 latency: 0.314558
hops: 1 latency: 0.561853
hops: 3 latency: 1.442772
hops: 1 latency: 0.48472
hops: 2 latency: 1.0364
hops: 3 latency: 1.547172
hops: 1 latency: 0.443744
hops: 1 latency: 0.526138
hops: 3 latency: 1.43126
hops: 1 latency: 0.358476
hops: 2 latency: 1.051282
hops: 3 latency: 2.263807
hops: 3 latency: 1.494629
hops: 1 latency: 0.545242
hops: 1 latency: 0.375951
hops: 1 latency: 0.340796
hops: 2 latency: 1.208575
hops: 2 latency: 1.092801
hops: 3 latency: 1.538403
hops: 3 latency: 1.592234
hops: 1 latency: 0.520973
hops: 1 latency: 0.393682
hops: 2 latency: 1.018127
hops: 2 latency: 1.193786
hops: 1 latency: 0.339488
hops: 3 latency: 1.606524
hops: 3 latency: 1.650827
hops: 3 latency: 1.675003
hops: 3 latency: 1.631601
hops: 3 latency: 1.539069
hops: 3 latency: 1.632791
hops: 2 latency: 1.050535
hops: 2 latency: 0.979998
hops: 2 latency: 1.094006
hops: 1 latency: 0.510303
hops: 1 latency: 0.293546
hops: 3 latency: 1.557844
hops: 3 latency: 1.697077
hops: 2 latency: 1.084764
hops: 3 latency: 1.478836
hops: 2 latency: 0.994331
hops: 1 latency: 0.653113
hops: 3 latency: 1.651984
hops: 3 latency: 1.593291
hops: 3 latency: 1.499989
hops: 2 latency: 1.087415
hops: 1 latency: 0.4151
hops: 3 latency: 1.586517
hops: 3 latency: 1.586168
hops: 2 latency: 0.938576
hops: 2 latency: 0.962101
hops: 1 latency: 0.490977
hops: 3 latency: 1.670549
hops: 3 latency: 2.022479
hops: 2 latency: 1.051916
hops: 3 latency: 1.690266
hops: 1 latency: 0.289885
hops: 2 latency: 0.962928
hops: 2 latency: 1.16568
hops: 1 latency: 0.562558
hops: 1 latency: 0.485047
hops: 2 latency: 1.018768
hops: 2 latency: 1.218541
hops: 2 latency: 0.995021
hops: 3 latency: 1.640015
hops: 1 latency: 0.526853
hops: 3 latency: 1.626375
hops: 1 latency: 0.3871
hops: 1 latency: 0.560953
hops: 1 latency: 0.716381
hops: 2 latency: 1.14654
hops: 2 latency: 1.055516
hops: 3 latency: 1.381622
hops: 3 latency: 1.737833
hops: 1 latency: 0.405452
hops: 3 latency: 1.588165
hops: 2 latency: 1.056385
hops: 1 latency: 0.528737
hops: 3 latency: 1.539685
hops: 2 latency: 0.972254
hops: 2 latency: 1.183292
hops: 2 latency: 1.065916
hops: 3 latency: 1.678633
hops: 1 latency: 0.386571
hops: 3 latency: 1.775904
hops: 1 latency: 0.489546
hops: 2 latency: 1.190161
hops: 1 latency: 0.590686
hops: 3 latency: 1.759865
hops: 2 latency: 1.441933
hops: 1 latency: 0.372398
hops: 2 latency: 1.206232
hops: 3 latency: 1.918479
hops: 3 latency: 2.168779
hops: 3 latency: 3.293527
hops: 2 latency: 3.677653
hops: 3 latency: 3.023306
hops: 1 latency: 1.141462
hops: 2 latency: 1.270091
hops: 3 latency: 1.562338
hops: 3 latency: 1.424987
hops: 1 latency: 0.530344
hops: 1 latency: 0.510523
hops: 3 latency: 1.733189
hops: 2 latency: 1.189922
hops: 2 latency: 0.906069
hops: 3 latency: 1.57903
hops: 3 latency: 1.561488
hops: 2 latency: 1.355465
hops: 3 latency: 1.679758
hops: 1 latency: 0.31179
hops: 3 latency: 1.607336
hops: 2 latency: 0.908657
hops: 2 latency: 1.096271
hops: 2 latency: 0.953207
hops: 2 latency: 0.929393
hops: 3 latency: 1.785226
hops: 3 latency: 1.770383
hops: 2 latency: 1.02658
hops: 3 latency: 1.45212
hops: 1 latency: 0.576518
hops: 1 latency: 0.352581
hops: 2 latency: 1.187809
hops: 3 latency: 1.469579
hops: 2 latency: 1.13052
hops: 1 latency: 0.438954
hops: 3 latency: 1.703228
hops: 1 latency: 0.239529
hops: 2 latency: 1.138448
hops: 1 latency: 0.301762
hops: 1 latency: 0.309235
hops: 2 latency: 1.228757
hops: 3 latency: 1.767062
hops: 3 latency: 1.769869
hops: 2 latency: 0.964445
hops: 3 latency: 1.539283
hops: 1 latency: 0.688809
hops: 1 latency: 0.309436
hops: 3 latency: 1.47586
hops: 1 latency: 0.312307
hops: 3 latency: 1.586956
hops: 2 latency: 1.178153
hops: 1 latency: 0.300089
hops: 2 latency: 1.089089
hops: 3 latency: 1.562155
hops: 2 latency: 1.022575
hops: 2 latency: 0.962027
hops: 3 latency: 1.469071
hops: 1 latency: 0.284589
hops: 1 latency: 0.29852
hops: 3 latency: 1.490317
hops: 2 latency: 1.014611
hops: 1 latency: 0.416495
hops: 3 latency: 1.630094
hops: 3 latency: 1.419516
hops: 3 latency: 1.482547
hops: 2 latency: 0.974506
hops: 3 latency: 1.393302
hops: 2 latency: 0.852613
hops: 1 latency: 0.457297
hops: 2 latency: 1.081194
hops: 2 latency: 1.068757
hops: 3 latency: 1.625771
hops: 3 latency: 1.607991
hops: 3 latency: 1.467887
hops: 2 latency: 1.052088
hops: 2 latency: 1.016607
hops: 2 latency: 0.970615
hops: 2 latency: 2.092132
hops: 3 latency: 4.245307
hops: 3 latency: 1.53683
hops: 3 latency: 2.024188
hops: 3 latency: 1.433718
hops: 2 latency: 2.076166
hops: 2 latency: 0.912836
hops: 1 latency: 0.305043
hops: 2 latency: 0.975093
hops: 3 latency: 1.543443
hops: 1 latency: 0.475598
hops: 3 latency: 1.557813
hops: 2 latency: 1.003312
hops: 3 latency: 1.572083
hops: 3 latency: 1.393894
hops: 1 latency: 0.438427
hops: 2 latency: 1.058625
hops: 1 latency: 0.487472
hops: 3 latency: 1.437163
hops: 1 latency: 0.320901
PASS
ok  	chord	32.480s
