finished launching servers
id: [19 95 65 161 55 72 11 226 92 127 110 202 62 158 116 117 114 159 186 106] ip: 127.0.0.1:19632
Finger table:
ith | start | successor
0   | 110595112597041625028682201735643624160322632299     | [24 250 93 136 127 42 234 137 201 194 162 142 149 178 21 149 246 105 114 158]
1   | 110595112597041625028682201735643624160322632300     | [24 250 93 136 127 42 234 137 201 194 162 142 149 178 21 149 246 105 114 158]
2   | 110595112597041625028682201735643624160322632302     | [24 250 93 136 127 42 234 137 201 194 162 142 149 178 21 149 246 105 114 158]
3   | 110595112597041625028682201735643624160322632306     | [24 250 93 136 127 42 234 137 201 194 162 142 149 178 21 149 246 105 114 158]
4   | 110595112597041625028682201735643624160322632314     | [24 250 93 136 127 42 234 137 201 194 162 142 149 178 21 149 246 105 114 158]
5   | 110595112597041625028682201735643624160322632330     | [24 250 93 136 127 42 234 137 201 194 162 142 149 178 21 149 246 105 114 158]
6   | 110595112597041625028682201735643624160322632362     | [24 250 93 136 127 42 234 137 201 194 162 142 149 178 21 149 246 105 114 158]
7   | 110595112597041625028682201735643624160322632426     | [24 250 93 136 127 42 234 137 201 194 162 142 149 178 21 149 246 105 114 158]
8   | 110595112597041625028682201735643624160322632554     | [24 250 93 136 127 42 234 137 201 194 162 142 149 178 21 149 246 105 114 158]
9   | 110595112597041625028682201735643624160322632810     | [24 250 93 136 127 42 234 137 201 194 162 142 149 178 21 149 246 105 114 158]
10   | 110595112597041625028682201735643624160322633322     | [24 250 93 136 127 42 234 137 201 194 162 142 149 178 21 149 246 105 114 158]
11   | 110595112597041625028682201735643624160322634346     | [24 250 93 136 127 42 234 137 201 194 162 142 149 178 21 149 246 105 114 158]
12   | 110595112597041625028682201735643624160322636394     | [24 250 93 136 127 42 234 137 201 194 162 142 149 178 21 149 246 105 114 158]
13   | 110595112597041625028682201735643624160322640490     | [24 250 93 136 127 42 234 137 201 194 162 142 149 178 21 149 246 105 114 158]
14   | 110595112597041625028682201735643624160322648682     | [24 250 93 136 127 42 234 137 201 194 162 142 149 178 21 149 246 105 114 158]
15   | 110595112597041625028682201735643624160322665066     | [24 250 93 136 127 42 234 137 201 194 162 142 149 178 21 149 246 105 114 158]
16   | 110595112597041625028682201735643624160322697834     | [24 250 93 136 127 42 234 137 201 194 162 142 149 178 21 149 246 105 114 158]
17   | 110595112597041625028682201735643624160322763370     | [24 250 93 136 127 42 234 137 201 194 162 142 149 178 21 149 246 105 114 158]
18   | 110595112597041625028682201735643624160322894442     | [24 250 93 136 127 42 234 137 201 194 162 142 149 178 21 149 246 105 114 158]
19   | 110595112597041625028682201735643624160323156586     | [24 250 93 136 127 42 234 137 201 194 162 142 149 178 21 149 246 105 114 158]
20   | 110595112597041625028682201735643624160323680874     | [24 250 93 136 127 42 234 137 201 194 162 142 149 178 21 149 246 105 114 158]
21   | 110595112597041625028682201735643624160324729450     | [24 250 93 136 127 42 234 137 201 194 162 142 149 178 21 149 246 105 114 158]
22   | 110595112597041625028682201735643624160326826602     | [24 250 93 136 127 42 234 137 201 194 162 142 149 178 21 149 246 105 114 158]
23   | 110595112597041625028682201735643624160331020906     | [24 250 93 136 127 42 234 137 201 194 162 142 149 178 21 149 246 105 114 158]
24   | 110595112597041625028682201735643624160339409514     | [24 250 93 136 127 42 234 137 201 194 162 142 149 178 21 149 246 105 114 158]
25   | 110595112597041625028682201735643624160356186730     | [24 250 93 136 127 42 234 137 201 194 162 142 149 178 21 149 246 105 114 158]
26   | 110595112597041625028682201735643624160389741162     | [24 250 93 136 127 42 234 137 201 194 162 142 149 178 21 149 246 105 114 158]
27   | 110595112597041625028682201735643624160456850026     | [24 250 93 136 127 42 234 137 201 194 162 142 149 178 21 149 246 105 114 158]
28   | 110595112597041625028682201735643624160591067754     | [24 250 93 136 127 42 234 137 201 194 162 142 149 178 21 149 246 105 114 158]
29   | 110595112597041625028682201735643624160859503210     | [24 250 93 136 127 42 234 137 201 194 162 142 149 178 21 149 246 105 114 158]
30   | 110595112597041625028682201735643624161396374122     | [24 250 93 136 127 42 234 137 201 194 162 142 149 178 21 149 246 105 114 158]
31   | 110595112597041625028682201735643624162470115946     | [24 250 93 136 127 42 234 137 201 194 162 142 149 178 21 149 246 105 114 158]
32   | 110595112597041625028682201735643624164617599594     | [24 250 93 136 127 42 234 137 201 194 162 142 149 178 21 149 246 105 114 158]
33   | 110595112597041625028682201735643624168912566890     | [24 250 93 136 127 42 234 137 201 194 162 142 149 178 21 149 246 105 114 158]
34   | 110595112597041625028682201735643624177502501482     | [24 250 93 136 127 42 234 137 201 194 162 142 149 178 21 149 246 105 114 158]
35   | 110595112597041625028682201735643624194682370666     | [24 250 93 136 127 42 234 137 201 194 162 142 149 178 21 149 246 105 114 158]
36   | 110595112597041625028682201735643624229042109034     | [24 250 93 136 127 42 234 137 201 194 162 142 149 178 21 149 246 105 114 158]
37   | 110595112597041625028682201735643624297761585770     | [24 250 93 136 127 42 234 137 201 194 162 142 149 178 21 149 246 105 114 158]
38   | 110595112597041625028682201735643624435200539242     | [24 250 93 136 127 42 234 137 201 194 162 142 149 178 21 149 246 105 114 158]
39   | 110595112597041625028682201735643624710078446186     | [24 250 93 136 127 42 234 137 201 194 162 142 149 178 21 149 246 105 114 158]
40   | 110595112597041625028682201735643625259834260074     | [24 250 93 136 127 42 234 137 201 194 162 142 149 178 21 149 246 105 114 158]
41   | 110595112597041625028682201735643626359345887850     | [24 250 93 136 127 42 234 137 201 194 162 142 149 178 21 149 246 105 114 158]
42   | 110595112597041625028682201735643628558369143402     | [24 250 93 136 127 42 234 137 201 194 162 142 149 178 21 149 246 105 114 158]
43   | 110595112597041625028682201735643632956415654506     | [24 250 93 136 127 42 234 137 201 194 162 142 149 178 21 149 246 105 114 158]
44   | 110595112597041625028682201735643641752508676714     | [24 250 93 136 127 42 234 137 201 194 162 142 149 178 21 149 246 105 114 158]
45   | 110595112597041625028682201735643659344694721130     | [24 250 93 136 127 42 234 137 201 194 162 142 149 178 21 149 246 105 114 158]
46   | 110595112597041625028682201735643694529066809962     | [24 250 93 136 127 42 234 137 201 194 162 142 149 178 21 149 246 105 114 158]
47   | 110595112597041625028682201735643764897810987626     | [24 250 93 136 127 42 234 137 201 194 162 142 149 178 21 149 246 105 114 158]
48   | 110595112597041625028682201735643905635299342954     | [24 250 93 136 127 42 234 137 201 194 162 142 149 178 21 149 246 105 114 158]
49   | 110595112597041625028682201735644187110276053610     | [24 250 93 136 127 42 234 137 201 194 162 142 149 178 21 149 246 105 114 158]
50   | 110595112597041625028682201735644750060229474922     | [24 250 93 136 127 42 234 137 201 194 162 142 149 178 21 149 246 105 114 158]
51   | 110595112597041625028682201735645875960136317546     | [24 250 93 136 127 42 234 137 201 194 162 142 149 178 21 149 246 105 114 158]
52   | 110595112597041625028682201735648127759950002794     | [24 250 93 136 127 42 234 137 201 194 162 142 149 178 21 149 246 105 114 158]
53   | 110595112597041625028682201735652631359577373290     | [24 250 93 136 127 42 234 137 201 194 162 142 149 178 21 149 246 105 114 158]
54   | 110595112597041625028682201735661638558832114282     | [24 250 93 136 127 42 234 137 201 194 162 142 149 178 21 149 246 105 114 158]
55   | 110595112597041625028682201735679652957341596266     | [24 250 93 136 127 42 234 137 201 194 162 142 149 178 21 149 246 105 114 158]
56   | 110595112597041625028682201735715681754360560234     | [24 250 93 136 127 42 234 137 201 194 162 142 149 178 21 149 246 105 114 158]
57   | 110595112597041625028682201735787739348398488170     | [24 250 93 136 127 42 234 137 201 194 162 142 149 178 21 149 246 105 114 158]
58   | 110595112597041625028682201735931854536474344042     | [24 250 93 136 127 42 234 137 201 194 162 142 149 178 21 149 246 105 114 158]
59   | 110595112597041625028682201736220084912626055786     | [24 250 93 136 127 42 234 137 201 194 162 142 149 178 21 149 246 105 114 158]
60   | 110595112597041625028682201736796545664929479274     | [24 250 93 136 127 42 234 137 201 194 162 142 149 178 21 149 246 105 114 158]
61   | 110595112597041625028682201737949467169536326250     | [24 250 93 136 127 42 234 137 201 194 162 142 149 178 21 149 246 105 114 158]
62   | 110595112597041625028682201740255310178750020202     | [24 250 93 136 127 42 234 137 201 194 162 142 149 178 21 149 246 105 114 158]
63   | 110595112597041625028682201744866996197177408106     | [24 250 93 136 127 42 234 137 201 194 162 142 149 178 21 149 246 105 114 158]
64   | 110595112597041625028682201754090368234032183914     | [24 250 93 136 127 42 234 137 201 194 162 142 149 178 21 149 246 105 114 158]
65   | 110595112597041625028682201772537112307741735530     | [24 250 93 136 127 42 234 137 201 194 162 142 149 178 21 149 246 105 114 158]
66   | 110595112597041625028682201809430600455160838762     | [24 250 93 136 127 42 234 137 201 194 162 142 149 178 21 149 246 105 114 158]
67   | 110595112597041625028682201883217576749999045226     | [24 250 93 136 127 42 234 137 201 194 162 142 149 178 21 149 246 105 114 158]
68   | 110595112597041625028682202030791529339675458154     | [24 250 93 136 127 42 234 137 201 194 162 142 149 178 21 149 246 105 114 158]
69   | 110595112597041625028682202325939434519028284010     | [24 250 93 136 127 42 234 137 201 194 162 142 149 178 21 149 246 105 114 158]
70   | 110595112597041625028682202916235244877733935722     | [24 250 93 136 127 42 234 137 201 194 162 142 149 178 21 149 246 105 114 158]
71   | 110595112597041625028682204096826865595145239146     | [24 250 93 136 127 42 234 137 201 194 162 142 149 178 21 149 246 105 114 158]
72   | 110595112597041625028682206458010107029967845994     | [24 250 93 136 127 42 234 137 201 194 162 142 149 178 21 149 246 105 114 158]
73   | 110595112597041625028682211180376589899613059690     | [24 250 93 136 127 42 234 137 201 194 162 142 149 178 21 149 246 105 114 158]
74   | 110595112597041625028682220625109555638903487082     | [24 250 93 136 127 42 234 137 201 194 162 142 149 178 21 149 246 105 114 158]
75   | 110595112597041625028682239514575487117484341866     | [24 250 93 136 127 42 234 137 201 194 162 142 149 178 21 149 246 105 114 158]
76   | 110595112597041625028682277293507350074646051434     | [24 250 93 136 127 42 234 137 201 194 162 142 149 178 21 149 246 105 114 158]
77   | 110595112597041625028682352851371075988969470570     | [24 250 93 136 127 42 234 137 201 194 162 142 149 178 21 149 246 105 114 158]
78   | 110595112597041625028682503967098527817616308842     | [24 250 93 136 127 42 234 137 201 194 162 142 149 178 21 149 246 105 114 158]
79   | 110595112597041625028682806198553431474909985386     | [24 250 93 136 127 42 234 137 201 194 162 142 149 178 21 149 246 105 114 158]
80   | 110595112597041625028683410661463238789497338474     | [24 250 93 136 127 42 234 137 201 194 162 142 149 178 21 149 246 105 114 158]
81   | 110595112597041625028684619587282853418672044650     | [24 250 93 136 127 42 234 137 201 194 162 142 149 178 21 149 246 105 114 158]
82   | 110595112597041625028687037438922082677021457002     | [24 250 93 136 127 42 234 137 201 194 162 142 149 178 21 149 246 105 114 158]
83   | 110595112597041625028691873142200541193720281706     | [24 250 93 136 127 42 234 137 201 194 162 142 149 178 21 149 246 105 114 158]
84   | 110595112597041625028701544548757458227117931114     | [24 250 93 136 127 42 234 137 201 194 162 142 149 178 21 149 246 105 114 158]
85   | 110595112597041625028720887361871292293913229930     | [24 250 93 136 127 42 234 137 201 194 162 142 149 178 21 149 246 105 114 158]
86   | 110595112597041625028759572988098960427503827562     | [24 250 93 136 127 42 234 137 201 194 162 142 149 178 21 149 246 105 114 158]
87   | 110595112597041625028836944240554296694685022826     | [24 250 93 136 127 42 234 137 201 194 162 142 149 178 21 149 246 105 114 158]
88   | 110595112597041625028991686745464969229047413354     | [24 250 93 136 127 42 234 137 201 194 162 142 149 178 21 149 246 105 114 158]
89   | 110595112597041625029301171755286314297772194410     | [24 250 93 136 127 42 234 137 201 194 162 142 149 178 21 149 246 105 114 158]
90   | 110595112597041625029920141774929004435221756522     | [24 250 93 136 127 42 234 137 201 194 162 142 149 178 21 149 246 105 114 158]
91   | 110595112597041625031158081814214384710120880746     | [24 250 93 136 127 42 234 137 201 194 162 142 149 178 21 149 246 105 114 158]
92   | 110595112597041625033633961892785145259919129194     | [24 250 93 136 127 42 234 137 201 194 162 142 149 178 21 149 246 105 114 158]
93   | 110595112597041625038585722049926666359515626090     | [24 250 93 136 127 42 234 137 201 194 162 142 149 178 21 149 246 105 114 158]
94   | 110595112597041625048489242364209708558708619882     | [24 250 93 136 127 42 234 137 201 194 162 142 149 178 21 149 246 105 114 158]
95   | 110595112597041625068296282992775792957094607466     | [24 250 93 136 127 42 234 137 201 194 162 142 149 178 21 149 246 105 114 158]
96   | 110595112597041625107910364249907961753866582634     | [24 250 93 136 127 42 234 137 201 194 162 142 149 178 21 149 246 105 114 158]
97   | 110595112597041625187138526764172299347410532970     | [24 250 93 136 127 42 234 137 201 194 162 142 149 178 21 149 246 105 114 158]
98   | 110595112597041625345594851792700974534498433642     | [24 250 93 136 127 42 234 137 201 194 162 142 149 178 21 149 246 105 114 158]
99   | 110595112597041625662507501849758324908674234986     | [24 250 93 136 127 42 234 137 201 194 162 142 149 178 21 149 246 105 114 158]
100   | 110595112597041626296332801963873025657025837674     | [24 250 93 136 127 42 234 137 201 194 162 142 149 178 21 149 246 105 114 158]
101   | 110595112597041627563983402192102427153729043050     | [24 250 93 136 127 42 234 137 201 194 162 142 149 178 21 149 246 105 114 158]
102   | 110595112597041630099284602648561230147135453802     | [24 250 93 136 127 42 234 137 201 194 162 142 149 178 21 149 246 105 114 158]
103   | 110595112597041635169887003561478836133948275306     | [24 250 93 136 127 42 234 137 201 194 162 142 149 178 21 149 246 105 114 158]
104   | 110595112597041645311091805387314048107573918314     | [24 250 93 136 127 42 234 137 201 194 162 142 149 178 21 149 246 105 114 158]
105   | 110595112597041665593501409038984472054825204330     | [24 250 93 136 127 42 234 137 201 194 162 142 149 178 21 149 246 105 114 158]
106   | 110595112597041706158320616342325319949327776362     | [24 250 93 136 127 42 234 137 201 194 162 142 149 178 21 149 246 105 114 158]
107   | 110595112597041787287959030949007015738332920426     | [24 250 93 136 127 42 234 137 201 194 162 142 149 178 21 149 246 105 114 158]
108   | 110595112597041949547235860162370407316343208554     | [24 250 93 136 127 42 234 137 201 194 162 142 149 178 21 149 246 105 114 158]
109   | 110595112597042274065789518589097190472363784810     | [24 250 93 136 127 42 234 137 201 194 162 142 149 178 21 149 246 105 114 158]
110   | 110595112597042923102896835442550756784404937322     | [24 250 93 136 127 42 234 137 201 194 162 142 149 178 21 149 246 105 114 158]
111   | 110595112597044221177111469149457889408487242346     | [24 250 93 136 127 42 234 137 201 194 162 142 149 178 21 149 246 105 114 158]
112   | 110595112597046817325540736563272154656651852394     | [24 250 93 136 127 42 234 137 201 194 162 142 149 178 21 149 246 105 114 158]
113   | 110595112597052009622399271390900685152981072490     | [24 250 93 136 127 42 234 137 201 194 162 142 149 178 21 149 246 105 114 158]
114   | 110595112597062394216116341046157746145639512682     | [24 250 93 136 127 42 234 137 201 194 162 142 149 178 21 149 246 105 114 158]
115   | 110595112597083163403550480356671868130956393066     | [24 250 93 136 127 42 234 137 201 194 162 142 149 178 21 149 246 105 114 158]
116   | 110595112597124701778418758977700112101590153834     | [24 250 93 136 127 42 234 137 201 194 162 142 149 178 21 149 246 105 114 158]
117   | 110595112597207778528155316219756600042857675370     | [24 250 93 136 127 42 234 137 201 194 162 142 149 178 21 149 246 105 114 158]
118   | 110595112597373932027628430703869575925392718442     | [24 250 93 136 127 42 234 137 201 194 162 142 149 178 21 149 246 105 114 158]
119   | 110595112597706239026574659672095527690462804586     | [24 250 93 136 127 42 234 137 201 194 162 142 149 178 21 149 246 105 114 158]
120   | 110595112598370853024467117608547431220602976874     | [24 250 93 136 127 42 234 137 201 194 162 142 149 178 21 149 246 105 114 158]
121   | 110595112599700081020252033481451238280883321450     | [24 250 93 136 127 42 234 137 201 194 162 142 149 178 21 149 246 105 114 158]
122   | 110595112602358537011821865227258852401444010602     | [24 250 93 136 127 42 234 137 201 194 162 142 149 178 21 149 246 105 114 158]
123   | 110595112607675448994961528718874080642565388906     | [24 250 93 136 127 42 234 137 201 194 162 142 149 178 21 149 246 105 114 158]
124   | 110595112618309272961240855702104537124808145514     | [24 250 93 136 127 42 234 137 201 194 162 142 149 178 21 149 246 105 114 158]
125   | 110595112639576920893799509668565450089293658730     | [24 250 93 136 127 42 234 137 201 194 162 142 149 178 21 149 246 105 114 158]
126   | 110595112682112216758916817601487276018264685162     | [24 250 93 136 127 42 234 137 201 194 162 142 149 178 21 149 246 105 114 158]
127   | 110595112767182808489151433467330927876206738026     | [24 250 93 136 127 42 234 137 201 194 162 142 149 178 21 149 246 105 114 158]
128   | 110595112937323991949620665199018231592090843754     | [24 250 93 136 127 42 234 137 201 194 162 142 149 178 21 149 246 105 114 158]
129   | 110595113277606358870559128662392839023859055210     | [24 250 93 136 127 42 234 137 201 194 162 142 149 178 21 149 246 105 114 158]
130   | 110595113958171092712436055589142053887395478122     | [24 250 93 136 127 42 234 137 201 194 162 142 149 178 21 149 246 105 114 158]
131   | 110595115319300560396189909442640483614468323946     | [24 250 93 136 127 42 234 137 201 194 162 142 149 178 21 149 246 105 114 158]
132   | 110595118041559495763697617149637343068614015594     | [24 250 93 136 127 42 234 137 201 194 162 142 149 178 21 149 246 105 114 158]
133   | 110595123486077366498713032563631061976905398890     | [24 250 93 136 127 42 234 137 201 194 162 142 149 178 21 149 246 105 114 158]
134   | 110595134375113107968743863391618499793488165482     | [24 250 93 136 127 42 234 137 201 194 162 142 149 178 21 149 246 105 114 158]
135   | 110595156153184590908805525047593375426653698666     | [24 250 93 136 127 42 234 137 201 194 162 142 149 178 21 149 246 105 114 158]
136   | 110595199709327556788928848359543126692984765034     | [24 250 93 136 127 42 234 137 201 194 162 142 149 178 21 149 246 105 114 158]
137   | 110595286821613488549175494983442629225646897770     | [24 250 93 136 127 42 234 137 201 194 162 142 149 178 21 149 246 105 114 158]
138   | 110595461046185352069668788231241634290971163242     | [24 250 93 136 127 42 234 137 201 194 162 142 149 178 21 149 246 105 114 158]
139   | 110595809495329079110655374726839644421619694186     | [24 250 93 136 127 42 234 137 201 194 162 142 149 178 21 149 246 105 114 158]
140   | 110596506393616533192628547718035664682916756074     | [24 250 93 136 127 42 234 137 201 194 162 142 149 178 21 149 246 105 114 158]
141   | 110597900190191441356574893700427705205510879850     | [24 250 93 136 127 42 234 137 201 194 162 142 149 178 21 149 246 105 114 158]
142   | 110600687783341257684467585665211786250699127402     | [24 250 93 136 127 42 234 137 201 194 162 142 149 178 21 149 246 105 114 158]
143   | 110606262969640890340252969594779948341075622506     | [24 250 93 136 127 42 234 137 201 194 162 142 149 178 21 149 246 105 114 158]
144   | 110617413342240155651823737453916272521828612714     | [24 250 93 136 127 42 234 137 201 194 162 142 149 178 21 149 246 105 114 158]
145   | 110639714087438686274965273172188920883334593130     | [24 250 93 136 127 42 234 137 201 194 162 142 149 178 21 149 246 105 114 158]
146   | 110684315577835747521248344608734217606346553962     | [24 250 93 136 127 42 234 137 201 194 162 142 149 178 21 149 246 105 114 158]
147   | 110773518558629870013814487481824811052370475626     | [24 250 93 136 127 42 234 137 201 194 162 142 149 178 21 149 246 105 114 158]
148   | 110951924520218114998946773228005997944418318954     | [24 250 93 136 127 42 234 137 201 194 162 142 149 178 21 149 246 105 114 158]
149   | 111308736443394604969211344720368371728514005610     | [24 250 93 136 127 42 234 137 201 194 162 142 149 178 21 149 246 105 114 158]
150   | 112022360289747584909740487705093119296705378922     | [24 250 93 136 127 42 234 137 201 194 162 142 149 178 21 149 246 105 114 158]
151   | 113449607982453544790798773674542614433088125546     | [24 250 93 136 127 42 234 137 201 194 162 142 149 178 21 149 246 105 114 158]
152   | 116304103367865464552915345613441604705853618794     | [24 250 93 136 127 42 234 137 201 194 162 142 149 178 21 149 246 105 114 158]
153   | 122013094138689304077148489491239585251384605290     | [24 250 93 136 127 42 234 137 201 194 162 142 149 178 21 149 246 105 114 158]
154   | 133431075680336983125614777246835546342446578282     | [24 250 93 136 127 42 234 137 201 194 162 142 149 178 21 149 246 105 114 158]
155   | 156267038763632341222547352758027468524570524266     | [29 214 166 174 127 51 183 126 148 194 126 53 177 4 70 157 245 222 125 187]
156   | 201938964930223057416412503780411312888818416234     | [44 150 43 3 36 175 4 202 14 155 162 245 139 46 215 177 19 187 26 151]
157   | 293282817263404489804142805825179001617314200170     | [52 76 157 37 109 179 222 37 14 18 198 94 21 131 164 195 10 36 120 27]
158   | 475970521929767354579603409914714379074305768042     | [85 238 76 65 182 15 175 244 139 76 40 24 81 49 186 250 224 45 16 31]
159   | 841345931262493084130524618093785133988288903786     | [154 33 174 97 191 203 166 58 83 244 131 18 207 93 37 128 82 31 223 136]
Predecessor: [16 21 118 195 75 202 43 72 73 143 28 242 97 148 222 40 152 50 181 152]
hops: 3 latency: 85.032751
hops: 3 latency: 126.245716
hops: 1 latency: 7.6435
hops: 3 latency: 84.224445
hops: 1 latency: 6.373098
hops: 1 latency: 5.639135
hops: 1 latency: 6.32514
hops: 1 latency: 4.52282
hops: 1 latency: 5.964168
hops: 1 latency: 6.906911
hops: 3 latency: 52.773266
hops: 1 latency: 4.114269
hops: 3 latency: 73.082539
hops: 1 latency: 6.158202
hops: 4 latency: 30.466025
hops: 3 latency: 4.117982
hops: 1 latency: 0.70729
hops: 5 latency: 34.563787
hops: 1 latency: 4.291697
hops: 1 latency: 8.505628
hops: 1 latency: 7.404725
hops: 1 latency: 5.89112
hops: 3 latency: 33.219512
hops: 1 latency: 4.792141
hops: 3 latency: 44.962676
hops: 1 latency: 4.387792
hops: 4 latency: 40.359509
hops: 1 latency: 5.414941
hops: 1 latency: 12.585716
hops: 1 latency: 7.316723
hops: 1 latency: 8.519811
hops: 1 latency: 6.166872
hops: 3 latency: 28.718877
hops: 1 latency: 4.626293
hops: 1 latency: 4.016572
hops: 1 latency: 7.639732
hops: 1 latency: 6.745045
hops: 3 latency: 15.043226
hops: 1 latency: 1.022884
hops: 3 latency: 3.470287
hops: 3 latency: 4.101301
hops: 3 latency: 2.526388
hops: 3 latency: 5.691109
hops: 4 latency: 14.536914
hops: 3 latency: 2.798776
hops: 2 latency: 11.550934
hops: 1 latency: 6.589936
hops: 3 latency: 31.574893
hops: 1 latency: 4.317968
hops: 3 latency: 37.247265
hops: 1 latency: 8.910319
hops: 3 latency: 34.031212
hops: 1 latency: 4.812005
hops: 1 latency: 4.768726
hops: 3 latency: 23.632386
hops: 1 latency: 5.303813
hops: 3 latency: 24.312508
hops: 1 latency: 5.009322
hops: 3 latency: 34.657173
hops: 1 latency: 4.126131
hops: 2 latency: 22.938174
hops: 1 latency: 5.266473
hops: 1 latency: 13.612471
hops: 1 latency: 5.384939
hops: 2 latency: 19.684053
hops: 1 latency: 4.883423
hops: 3 latency: 74.748241
hops: 1 latency: 6.986187
hops: 3 latency: 37.811657
hops: 1 latency: 10.719931
hops: 3 latency: 29.236896
hops: 1 latency: 6.805237
hops: 3 latency: 26.396225
hops: 1 latency: 6.07038
hops: 4 latency: 39.635181
hops: 1 latency: 6.138232
hops: 3 latency: 37.725822
hops: 1 latency: 0.519514
hops: 3 latency: 2.414748
hops: 3 latency: 35.188038
hops: 1 latency: 4.646877
hops: 3 latency: 26.853456
hops: 1 latency: 4.748597
hops: 4 latency: 55.408578
hops: 1 latency: 3.934571
hops: 3 latency: 34.062988
hops: 1 latency: 4.953732
hops: 4 latency: 43.694095
hops: 1 latency: 4.588764
hops: 3 latency: 27.825335
hops: 1 latency: 3.935151
hops: 4 latency: 42.52907
hops: 1 latency: 5.874018
hops: 3 latency: 26.975248
hops: 1 latency: 4.424227
hops: 3 latency: 41.01793
hops: 1 latency: 4.531624
hops: 3 latency: 30.260017
hops: 1 latency: 3.916169
hops: 1 latency: 7.092292
hops: 1 latency: 5.590168
hops: 3 latency: 28.712866
hops: 1 latency: 4.369665
hops: 1 latency: 6.317136
hops: 3 latency: 31.501954
hops: 1 latency: 7.055859
hops: 4 latency: 49.250688
hops: 1 latency: 7.873017
hops: 1 latency: 42.711589
hops: 1 latency: 6.947612
hops: 1 latency: 13.790282
hops: 1 latency: 1.975705
hops: 1 latency: 5.684871
hops: 1 latency: 8.538992
hops: 2 latency: 16.806937
hops: 1 latency: 3.718944
hops: 3 latency: 27.695175
hops: 1 latency: 3.492167
hops: 3 latency: 27.99907
hops: 1 latency: 4.538082
hops: 4 latency: 49.546757
hops: 1 latency: 5.419065
hops: 1 latency: 4.556817
hops: 4 latency: 29.819954
hops: 1 latency: 4.537594
hops: 1 latency: 8.411524
hops: 1 latency: 9.619954
hops: 1 latency: 5.00271
hops: 2 latency: 28.104044
hops: 1 latency: 4.629301
hops: 3 latency: 25.114348
hops: 1 latency: 5.842006
hops: 2 latency: 21.753585
hops: 1 latency: 4.651675
hops: 1 latency: 6.159178
hops: 4 latency: 29.890313
hops: 1 latency: 6.063944
hops: 3 latency: 30.438251
hops: 1 latency: 4.022321
hops: 3 latency: 36.704353
hops: 1 latency: 4.171416
hops: 1 latency: 3.339634
hops: 1 latency: 6.638238
hops: 2 latency: 18.868435
hops: 1 latency: 0.428316
hops: 3 latency: 7.096628
hops: 2 latency: 2.0613
hops: 3 latency: 3.363077
hops: 1 latency: 6.59804
hops: 1 latency: 5.471308
hops: 2 latency: 24.331229
hops: 1 latency: 5.114462
hops: 3 latency: 30.662351
hops: 1 latency: 4.309413
hops: 2 latency: 21.165647
hops: 1 latency: 6.08511
hops: 3 latency: 32.07109
hops: 1 latency: 4.212769
hops: 2 latency: 21.858495
hops: 1 latency: 44.194159
hops: 1 latency: 6.912931
hops: 4 latency: 36.671971
hops: 1 latency: 2.783076
hops: 1 latency: 9.064152
hops: 1 latency: 5.008048
hops: 2 latency: 18.590185
hops: 1 latency: 4.681608
hops: 2 latency: 18.302443
hops: 1 latency: 0.72572
hops: 3 latency: 2.805296
hops: 3 latency: 24.985457
hops: 1 latency: 5.350875
hops: 4 latency: 37.727293
hops: 1 latency: 7.439578
hops: 1 latency: 4.723914
hops: 2 latency: 17.526679
hops: 1 latency: 4.115088
hops: 1 latency: 3.857548
hops: 3 latency: 25.533034
hops: 1 latency: 3.741314
hops: 1 latency: 8.169106
hops: 1 latency: 2.953958
hops: 3 latency: 22.373884
hops: 1 latency: 6.033834
hops: 3 latency: 31.945075
hops: 1 latency: 4.379295
hops: 1 latency: 7.991721
hops: 1 latency: 4.118462
hops: 1 latency: 7.086806
hops: 1 latency: 6.944478
hops: 3 latency: 54.942385
hops: 3 latency: 119.00511
hops: 1 latency: 5.387959
hops: 3 latency: 39.781284
hops: 1 latency: 7.741235
hops: 3 latency: 35.95864
hops: 1 latency: 1.793757
hops: 1 latency: 11.079868
hops: 1 latency: 4.685917
hops: 4 latency: 71.018478
PASS
ok  	chord	51.947s
