finished launching servers
id: [180 122 42 66 11 236 233 122 123 127 26 32 166 173 127 80 199 49 173 254] ip: 127.0.0.1:19687
Finger table:
ith | start | successor
0   | 1030342710853008826615273087092087098180510002687     | [238 15 108 201 101 182 136 251 236 223 202 155 182 72 154 48 187 28 24 99]
1   | 1030342710853008826615273087092087098180510002688     | [238 15 108 201 101 182 136 251 236 223 202 155 182 72 154 48 187 28 24 99]
2   | 1030342710853008826615273087092087098180510002690     | [238 15 108 201 101 182 136 251 236 223 202 155 182 72 154 48 187 28 24 99]
3   | 1030342710853008826615273087092087098180510002694     | [238 15 108 201 101 182 136 251 236 223 202 155 182 72 154 48 187 28 24 99]
4   | 1030342710853008826615273087092087098180510002702     | [238 15 108 201 101 182 136 251 236 223 202 155 182 72 154 48 187 28 24 99]
5   | 1030342710853008826615273087092087098180510002718     | [238 15 108 201 101 182 136 251 236 223 202 155 182 72 154 48 187 28 24 99]
6   | 1030342710853008826615273087092087098180510002750     | [238 15 108 201 101 182 136 251 236 223 202 155 182 72 154 48 187 28 24 99]
7   | 1030342710853008826615273087092087098180510002814     | [238 15 108 201 101 182 136 251 236 223 202 155 182 72 154 48 187 28 24 99]
8   | 1030342710853008826615273087092087098180510002942     | [238 15 108 201 101 182 136 251 236 223 202 155 182 72 154 48 187 28 24 99]
9   | 1030342710853008826615273087092087098180510003198     | [238 15 108 201 101 182 136 251 236 223 202 155 182 72 154 48 187 28 24 99]
10   | 1030342710853008826615273087092087098180510003710     | [238 15 108 201 101 182 136 251 236 223 202 155 182 72 154 48 187 28 24 99]
11   | 1030342710853008826615273087092087098180510004734     | [238 15 108 201 101 182 136 251 236 223 202 155 182 72 154 48 187 28 24 99]
12   | 1030342710853008826615273087092087098180510006782     | [238 15 108 201 101 182 136 251 236 223 202 155 182 72 154 48 187 28 24 99]
13   | 1030342710853008826615273087092087098180510010878     | [238 15 108 201 101 182 136 251 236 223 202 155 182 72 154 48 187 28 24 99]
14   | 1030342710853008826615273087092087098180510019070     | [238 15 108 201 101 182 136 251 236 223 202 155 182 72 154 48 187 28 24 99]
15   | 1030342710853008826615273087092087098180510035454     | [238 15 108 201 101 182 136 251 236 223 202 155 182 72 154 48 187 28 24 99]
16   | 1030342710853008826615273087092087098180510068222     | [238 15 108 201 101 182 136 251 236 223 202 155 182 72 154 48 187 28 24 99]
17   | 1030342710853008826615273087092087098180510133758     | [238 15 108 201 101 182 136 251 236 223 202 155 182 72 154 48 187 28 24 99]
18   | 1030342710853008826615273087092087098180510264830     | [238 15 108 201 101 182 136 251 236 223 202 155 182 72 154 48 187 28 24 99]
19   | 1030342710853008826615273087092087098180510526974     | [238 15 108 201 101 182 136 251 236 223 202 155 182 72 154 48 187 28 24 99]
20   | 1030342710853008826615273087092087098180511051262     | [238 15 108 201 101 182 136 251 236 223 202 155 182 72 154 48 187 28 24 99]
21   | 1030342710853008826615273087092087098180512099838     | [238 15 108 201 101 182 136 251 236 223 202 155 182 72 154 48 187 28 24 99]
22   | 1030342710853008826615273087092087098180514196990     | [238 15 108 201 101 182 136 251 236 223 202 155 182 72 154 48 187 28 24 99]
23   | 1030342710853008826615273087092087098180518391294     | [238 15 108 201 101 182 136 251 236 223 202 155 182 72 154 48 187 28 24 99]
24   | 1030342710853008826615273087092087098180526779902     | [238 15 108 201 101 182 136 251 236 223 202 155 182 72 154 48 187 28 24 99]
25   | 1030342710853008826615273087092087098180543557118     | [238 15 108 201 101 182 136 251 236 223 202 155 182 72 154 48 187 28 24 99]
26   | 1030342710853008826615273087092087098180577111550     | [238 15 108 201 101 182 136 251 236 223 202 155 182 72 154 48 187 28 24 99]
27   | 1030342710853008826615273087092087098180644220414     | [238 15 108 201 101 182 136 251 236 223 202 155 182 72 154 48 187 28 24 99]
28   | 1030342710853008826615273087092087098180778438142     | [238 15 108 201 101 182 136 251 236 223 202 155 182 72 154 48 187 28 24 99]
29   | 1030342710853008826615273087092087098181046873598     | [238 15 108 201 101 182 136 251 236 223 202 155 182 72 154 48 187 28 24 99]
30   | 1030342710853008826615273087092087098181583744510     | [238 15 108 201 101 182 136 251 236 223 202 155 182 72 154 48 187 28 24 99]
31   | 1030342710853008826615273087092087098182657486334     | [238 15 108 201 101 182 136 251 236 223 202 155 182 72 154 48 187 28 24 99]
32   | 1030342710853008826615273087092087098184804969982     | [238 15 108 201 101 182 136 251 236 223 202 155 182 72 154 48 187 28 24 99]
33   | 1030342710853008826615273087092087098189099937278     | [238 15 108 201 101 182 136 251 236 223 202 155 182 72 154 48 187 28 24 99]
34   | 1030342710853008826615273087092087098197689871870     | [238 15 108 201 101 182 136 251 236 223 202 155 182 72 154 48 187 28 24 99]
35   | 1030342710853008826615273087092087098214869741054     | [238 15 108 201 101 182 136 251 236 223 202 155 182 72 154 48 187 28 24 99]
36   | 1030342710853008826615273087092087098249229479422     | [238 15 108 201 101 182 136 251 236 223 202 155 182 72 154 48 187 28 24 99]
37   | 1030342710853008826615273087092087098317948956158     | [238 15 108 201 101 182 136 251 236 223 202 155 182 72 154 48 187 28 24 99]
38   | 1030342710853008826615273087092087098455387909630     | [238 15 108 201 101 182 136 251 236 223 202 155 182 72 154 48 187 28 24 99]
39   | 1030342710853008826615273087092087098730265816574     | [238 15 108 201 101 182 136 251 236 223 202 155 182 72 154 48 187 28 24 99]
40   | 1030342710853008826615273087092087099280021630462     | [238 15 108 201 101 182 136 251 236 223 202 155 182 72 154 48 187 28 24 99]
41   | 1030342710853008826615273087092087100379533258238     | [238 15 108 201 101 182 136 251 236 223 202 155 182 72 154 48 187 28 24 99]
42   | 1030342710853008826615273087092087102578556513790     | [238 15 108 201 101 182 136 251 236 223 202 155 182 72 154 48 187 28 24 99]
43   | 1030342710853008826615273087092087106976603024894     | [238 15 108 201 101 182 136 251 236 223 202 155 182 72 154 48 187 28 24 99]
44   | 1030342710853008826615273087092087115772696047102     | [238 15 108 201 101 182 136 251 236 223 202 155 182 72 154 48 187 28 24 99]
45   | 1030342710853008826615273087092087133364882091518     | [238 15 108 201 101 182 136 251 236 223 202 155 182 72 154 48 187 28 24 99]
46   | 1030342710853008826615273087092087168549254180350     | [238 15 108 201 101 182 136 251 236 223 202 155 182 72 154 48 187 28 24 99]
47   | 1030342710853008826615273087092087238917998358014     | [238 15 108 201 101 182 136 251 236 223 202 155 182 72 154 48 187 28 24 99]
48   | 1030342710853008826615273087092087379655486713342     | [238 15 108 201 101 182 136 251 236 223 202 155 182 72 154 48 187 28 24 99]
49   | 1030342710853008826615273087092087661130463423998     | [238 15 108 201 101 182 136 251 236 223 202 155 182 72 154 48 187 28 24 99]
50   | 1030342710853008826615273087092088224080416845310     | [238 15 108 201 101 182 136 251 236 223 202 155 182 72 154 48 187 28 24 99]
51   | 1030342710853008826615273087092089349980323687934     | [238 15 108 201 101 182 136 251 236 223 202 155 182 72 154 48 187 28 24 99]
52   | 1030342710853008826615273087092091601780137373182     | [238 15 108 201 101 182 136 251 236 223 202 155 182 72 154 48 187 28 24 99]
53   | 1030342710853008826615273087092096105379764743678     | [238 15 108 201 101 182 136 251 236 223 202 155 182 72 154 48 187 28 24 99]
54   | 1030342710853008826615273087092105112579019484670     | [238 15 108 201 101 182 136 251 236 223 202 155 182 72 154 48 187 28 24 99]
55   | 1030342710853008826615273087092123126977528966654     | [238 15 108 201 101 182 136 251 236 223 202 155 182 72 154 48 187 28 24 99]
56   | 1030342710853008826615273087092159155774547930622     | [238 15 108 201 101 182 136 251 236 223 202 155 182 72 154 48 187 28 24 99]
57   | 1030342710853008826615273087092231213368585858558     | [238 15 108 201 101 182 136 251 236 223 202 155 182 72 154 48 187 28 24 99]
58   | 1030342710853008826615273087092375328556661714430     | [238 15 108 201 101 182 136 251 236 223 202 155 182 72 154 48 187 28 24 99]
59   | 1030342710853008826615273087092663558932813426174     | [238 15 108 201 101 182 136 251 236 223 202 155 182 72 154 48 187 28 24 99]
60   | 1030342710853008826615273087093240019685116849662     | [238 15 108 201 101 182 136 251 236 223 202 155 182 72 154 48 187 28 24 99]
61   | 1030342710853008826615273087094392941189723696638     | [238 15 108 201 101 182 136 251 236 223 202 155 182 72 154 48 187 28 24 99]
62   | 1030342710853008826615273087096698784198937390590     | [238 15 108 201 101 182 136 251 236 223 202 155 182 72 154 48 187 28 24 99]
63   | 1030342710853008826615273087101310470217364778494     | [238 15 108 201 101 182 136 251 236 223 202 155 182 72 154 48 187 28 24 99]
64   | 1030342710853008826615273087110533842254219554302     | [238 15 108 201 101 182 136 251 236 223 202 155 182 72 154 48 187 28 24 99]
65   | 1030342710853008826615273087128980586327929105918     | [238 15 108 201 101 182 136 251 236 223 202 155 182 72 154 48 187 28 24 99]
66   | 1030342710853008826615273087165874074475348209150     | [238 15 108 201 101 182 136 251 236 223 202 155 182 72 154 48 187 28 24 99]
67   | 1030342710853008826615273087239661050770186415614     | [238 15 108 201 101 182 136 251 236 223 202 155 182 72 154 48 187 28 24 99]
68   | 1030342710853008826615273087387235003359862828542     | [238 15 108 201 101 182 136 251 236 223 202 155 182 72 154 48 187 28 24 99]
69   | 1030342710853008826615273087682382908539215654398     | [238 15 108 201 101 182 136 251 236 223 202 155 182 72 154 48 187 28 24 99]
70   | 1030342710853008826615273088272678718897921306110     | [238 15 108 201 101 182 136 251 236 223 202 155 182 72 154 48 187 28 24 99]
71   | 1030342710853008826615273089453270339615332609534     | [238 15 108 201 101 182 136 251 236 223 202 155 182 72 154 48 187 28 24 99]
72   | 1030342710853008826615273091814453581050155216382     | [238 15 108 201 101 182 136 251 236 223 202 155 182 72 154 48 187 28 24 99]
73   | 1030342710853008826615273096536820063919800430078     | [238 15 108 201 101 182 136 251 236 223 202 155 182 72 154 48 187 28 24 99]
74   | 1030342710853008826615273105981553029659090857470     | [238 15 108 201 101 182 136 251 236 223 202 155 182 72 154 48 187 28 24 99]
75   | 1030342710853008826615273124871018961137671712254     | [238 15 108 201 101 182 136 251 236 223 202 155 182 72 154 48 187 28 24 99]
76   | 1030342710853008826615273162649950824094833421822     | [238 15 108 201 101 182 136 251 236 223 202 155 182 72 154 48 187 28 24 99]
77   | 1030342710853008826615273238207814550009156840958     | [238 15 108 201 101 182 136 251 236 223 202 155 182 72 154 48 187 28 24 99]
78   | 1030342710853008826615273389323542001837803679230     | [238 15 108 201 101 182 136 251 236 223 202 155 182 72 154 48 187 28 24 99]
79   | 1030342710853008826615273691554996905495097355774     | [238 15 108 201 101 182 136 251 236 223 202 155 182 72 154 48 187 28 24 99]
80   | 1030342710853008826615274296017906712809684708862     | [238 15 108 201 101 182 136 251 236 223 202 155 182 72 154 48 187 28 24 99]
81   | 1030342710853008826615275504943726327438859415038     | [238 15 108 201 101 182 136 251 236 223 202 155 182 72 154 48 187 28 24 99]
82   | 1030342710853008826615277922795365556697208827390     | [238 15 108 201 101 182 136 251 236 223 202 155 182 72 154 48 187 28 24 99]
83   | 1030342710853008826615282758498644015213907652094     | [238 15 108 201 101 182 136 251 236 223 202 155 182 72 154 48 187 28 24 99]
84   | 1030342710853008826615292429905200932247305301502     | [238 15 108 201 101 182 136 251 236 223 202 155 182 72 154 48 187 28 24 99]
85   | 1030342710853008826615311772718314766314100600318     | [238 15 108 201 101 182 136 251 236 223 202 155 182 72 154 48 187 28 24 99]
86   | 1030342710853008826615350458344542434447691197950     | [238 15 108 201 101 182 136 251 236 223 202 155 182 72 154 48 187 28 24 99]
87   | 1030342710853008826615427829596997770714872393214     | [238 15 108 201 101 182 136 251 236 223 202 155 182 72 154 48 187 28 24 99]
88   | 1030342710853008826615582572101908443249234783742     | [238 15 108 201 101 182 136 251 236 223 202 155 182 72 154 48 187 28 24 99]
89   | 1030342710853008826615892057111729788317959564798     | [238 15 108 201 101 182 136 251 236 223 202 155 182 72 154 48 187 28 24 99]
90   | 1030342710853008826616511027131372478455409126910     | [238 15 108 201 101 182 136 251 236 223 202 155 182 72 154 48 187 28 24 99]
91   | 1030342710853008826617748967170657858730308251134     | [238 15 108 201 101 182 136 251 236 223 202 155 182 72 154 48 187 28 24 99]
92   | 1030342710853008826620224847249228619280106499582     | [238 15 108 201 101 182 136 251 236 223 202 155 182 72 154 48 187 28 24 99]
93   | 1030342710853008826625176607406370140379702996478     | [238 15 108 201 101 182 136 251 236 223 202 155 182 72 154 48 187 28 24 99]
94   | 1030342710853008826635080127720653182578895990270     | [238 15 108 201 101 182 136 251 236 223 202 155 182 72 154 48 187 28 24 99]
95   | 1030342710853008826654887168349219266977281977854     | [238 15 108 201 101 182 136 251 236 223 202 155 182 72 154 48 187 28 24 99]
96   | 1030342710853008826694501249606351435774053953022     | [238 15 108 201 101 182 136 251 236 223 202 155 182 72 154 48 187 28 24 99]
97   | 1030342710853008826773729412120615773367597903358     | [238 15 108 201 101 182 136 251 236 223 202 155 182 72 154 48 187 28 24 99]
98   | 1030342710853008826932185737149144448554685804030     | [238 15 108 201 101 182 136 251 236 223 202 155 182 72 154 48 187 28 24 99]
99   | 1030342710853008827249098387206201798928861605374     | [238 15 108 201 101 182 136 251 236 223 202 155 182 72 154 48 187 28 24 99]
100   | 1030342710853008827882923687320316499677213208062     | [238 15 108 201 101 182 136 251 236 223 202 155 182 72 154 48 187 28 24 99]
101   | 1030342710853008829150574287548545901173916413438     | [238 15 108 201 101 182 136 251 236 223 202 155 182 72 154 48 187 28 24 99]
102   | 1030342710853008831685875488005004704167322824190     | [238 15 108 201 101 182 136 251 236 223 202 155 182 72 154 48 187 28 24 99]
103   | 1030342710853008836756477888917922310154135645694     | [238 15 108 201 101 182 136 251 236 223 202 155 182 72 154 48 187 28 24 99]
104   | 1030342710853008846897682690743757522127761288702     | [238 15 108 201 101 182 136 251 236 223 202 155 182 72 154 48 187 28 24 99]
105   | 1030342710853008867180092294395427946075012574718     | [238 15 108 201 101 182 136 251 236 223 202 155 182 72 154 48 187 28 24 99]
106   | 1030342710853008907744911501698768793969515146750     | [238 15 108 201 101 182 136 251 236 223 202 155 182 72 154 48 187 28 24 99]
107   | 1030342710853008988874549916305450489758520290814     | [238 15 108 201 101 182 136 251 236 223 202 155 182 72 154 48 187 28 24 99]
108   | 1030342710853009151133826745518813881336530578942     | [238 15 108 201 101 182 136 251 236 223 202 155 182 72 154 48 187 28 24 99]
109   | 1030342710853009475652380403945540664492551155198     | [238 15 108 201 101 182 136 251 236 223 202 155 182 72 154 48 187 28 24 99]
110   | 1030342710853010124689487720798994230804592307710     | [238 15 108 201 101 182 136 251 236 223 202 155 182 72 154 48 187 28 24 99]
111   | 1030342710853011422763702354505901363428674612734     | [238 15 108 201 101 182 136 251 236 223 202 155 182 72 154 48 187 28 24 99]
112   | 1030342710853014018912131621919715628676839222782     | [238 15 108 201 101 182 136 251 236 223 202 155 182 72 154 48 187 28 24 99]
113   | 1030342710853019211208990156747344159173168442878     | [238 15 108 201 101 182 136 251 236 223 202 155 182 72 154 48 187 28 24 99]
114   | 1030342710853029595802707226402601220165826883070     | [238 15 108 201 101 182 136 251 236 223 202 155 182 72 154 48 187 28 24 99]
115   | 1030342710853050364990141365713115342151143763454     | [238 15 108 201 101 182 136 251 236 223 202 155 182 72 154 48 187 28 24 99]
116   | 1030342710853091903365009644334143586121777524222     | [238 15 108 201 101 182 136 251 236 223 202 155 182 72 154 48 187 28 24 99]
117   | 1030342710853174980114746201576200074063045045758     | [238 15 108 201 101 182 136 251 236 223 202 155 182 72 154 48 187 28 24 99]
118   | 1030342710853341133614219316060313049945580088830     | [238 15 108 201 101 182 136 251 236 223 202 155 182 72 154 48 187 28 24 99]
119   | 1030342710853673440613165545028539001710650174974     | [238 15 108 201 101 182 136 251 236 223 202 155 182 72 154 48 187 28 24 99]
120   | 1030342710854338054611058002964990905240790347262     | [238 15 108 201 101 182 136 251 236 223 202 155 182 72 154 48 187 28 24 99]
121   | 1030342710855667282606842918837894712301070691838     | [238 15 108 201 101 182 136 251 236 223 202 155 182 72 154 48 187 28 24 99]
122   | 1030342710858325738598412750583702326421631380990     | [238 15 108 201 101 182 136 251 236 223 202 155 182 72 154 48 187 28 24 99]
123   | 1030342710863642650581552414075317554662752759294     | [238 15 108 201 101 182 136 251 236 223 202 155 182 72 154 48 187 28 24 99]
124   | 1030342710874276474547831741058548011144995515902     | [238 15 108 201 101 182 136 251 236 223 202 155 182 72 154 48 187 28 24 99]
125   | 1030342710895544122480390395025008924109481029118     | [238 15 108 201 101 182 136 251 236 223 202 155 182 72 154 48 187 28 24 99]
126   | 1030342710938079418345507702957930750038452055550     | [238 15 108 201 101 182 136 251 236 223 202 155 182 72 154 48 187 28 24 99]
127   | 1030342711023150010075742318823774401896394108414     | [238 15 108 201 101 182 136 251 236 223 202 155 182 72 154 48 187 28 24 99]
128   | 1030342711193291193536211550555461705612278214142     | [238 15 108 201 101 182 136 251 236 223 202 155 182 72 154 48 187 28 24 99]
129   | 1030342711533573560457150014018836313044046425598     | [238 15 108 201 101 182 136 251 236 223 202 155 182 72 154 48 187 28 24 99]
130   | 1030342712214138294299026940945585527907582848510     | [238 15 108 201 101 182 136 251 236 223 202 155 182 72 154 48 187 28 24 99]
131   | 1030342713575267761982780794799083957634655694334     | [238 15 108 201 101 182 136 251 236 223 202 155 182 72 154 48 187 28 24 99]
132   | 1030342716297526697350288502506080817088801385982     | [238 15 108 201 101 182 136 251 236 223 202 155 182 72 154 48 187 28 24 99]
133   | 1030342721742044568085303917920074535997092769278     | [238 15 108 201 101 182 136 251 236 223 202 155 182 72 154 48 187 28 24 99]
134   | 1030342732631080309555334748748061973813675535870     | [238 15 108 201 101 182 136 251 236 223 202 155 182 72 154 48 187 28 24 99]
135   | 1030342754409151792495396410404036849446841069054     | [238 15 108 201 101 182 136 251 236 223 202 155 182 72 154 48 187 28 24 99]
136   | 1030342797965294758375519733715986600713172135422     | [238 15 108 201 101 182 136 251 236 223 202 155 182 72 154 48 187 28 24 99]
137   | 1030342885077580690135766380339886103245834268158     | [238 15 108 201 101 182 136 251 236 223 202 155 182 72 154 48 187 28 24 99]
138   | 1030343059302152553656259673587685108311158533630     | [238 15 108 201 101 182 136 251 236 223 202 155 182 72 154 48 187 28 24 99]
139   | 1030343407751296280697246260083283118441807064574     | [238 15 108 201 101 182 136 251 236 223 202 155 182 72 154 48 187 28 24 99]
140   | 1030344104649583734779219433074479138703104126462     | [238 15 108 201 101 182 136 251 236 223 202 155 182 72 154 48 187 28 24 99]
141   | 1030345498446158642943165779056871179225698250238     | [238 15 108 201 101 182 136 251 236 223 202 155 182 72 154 48 187 28 24 99]
142   | 1030348286039308459271058471021655260270886497790     | [238 15 108 201 101 182 136 251 236 223 202 155 182 72 154 48 187 28 24 99]
143   | 1030353861225608091926843854951223422361262992894     | [238 15 108 201 101 182 136 251 236 223 202 155 182 72 154 48 187 28 24 99]
144   | 1030365011598207357238414622810359746542015983102     | [238 15 108 201 101 182 136 251 236 223 202 155 182 72 154 48 187 28 24 99]
145   | 1030387312343405887861556158528632394903521963518     | [238 15 108 201 101 182 136 251 236 223 202 155 182 72 154 48 187 28 24 99]
146   | 1030431913833802949107839229965177691626533924350     | [238 15 108 201 101 182 136 251 236 223 202 155 182 72 154 48 187 28 24 99]
147   | 1030521116814597071600405372838268285072557846014     | [238 15 108 201 101 182 136 251 236 223 202 155 182 72 154 48 187 28 24 99]
148   | 1030699522776185316585537658584449471964605689342     | [238 15 108 201 101 182 136 251 236 223 202 155 182 72 154 48 187 28 24 99]
149   | 1031056334699361806555802230076811845748701375998     | [238 15 108 201 101 182 136 251 236 223 202 155 182 72 154 48 187 28 24 99]
150   | 1031769958545714786496331373061536593316892749310     | [238 15 108 201 101 182 136 251 236 223 202 155 182 72 154 48 187 28 24 99]
151   | 1033197206238420746377389659030986088453275495934     | [238 15 108 201 101 182 136 251 236 223 202 155 182 72 154 48 187 28 24 99]
152   | 1036051701623832666139506230969885078726040989182     | [238 15 108 201 101 182 136 251 236 223 202 155 182 72 154 48 187 28 24 99]
153   | 1041760692394656505663739374847683059271571975678     | [238 15 108 201 101 182 136 251 236 223 202 155 182 72 154 48 187 28 24 99]
154   | 1053178673936304184712205662603279020362633948670     | [238 15 108 201 101 182 136 251 236 223 202 155 182 72 154 48 187 28 24 99]
155   | 1076014637019599542809138238114470942544757894654     | [238 15 108 201 101 182 136 251 236 223 202 155 182 72 154 48 187 28 24 99]
156   | 1121686563186190259003003389136854786909005786622     | [238 15 108 201 101 182 136 251 236 223 202 155 182 72 154 48 187 28 24 99]
157   | 1213030415519371691390733691181622475637501570558     | [238 15 108 201 101 182 136 251 236 223 202 155 182 72 154 48 187 28 24 99]
158   | 1395718120185734556166194295271157853094493138430     | [54 109 41 28 94 11 63 22 17 195 125 248 207 63 143 118 234 62 158 87]
159   | 299591892187557367513430670733945588352543731198     | [54 109 41 28 94 11 63 22 17 195 125 248 207 63 143 118 234 62 158 87]
Predecessor: [54 109 41 28 94 11 63 22 17 195 125 248 207 63 143 118 234 62 158 87]
hops: 1 latency: 0.433984
hops: 1 latency: 0.534007
hops: 1 latency: 0.492495
hops: 1 latency: 0.315578
hops: 1 latency: 0.293213
hops: 1 latency: 0.349376
hops: 1 latency: 0.498247
hops: 1 latency: 0.493421
hops: 1 latency: 0.314387
hops: 1 latency: 0.326301
hops: 1 latency: 0.51693
hops: 1 latency: 0.535728
hops: 1 latency: 0.299417
hops: 1 latency: 0.46851
hops: 1 latency: 0.274193
hops: 1 latency: 0.535359
hops: 1 latency: 0.330744
hops: 1 latency: 0.546287
hops: 1 latency: 0.473346
hops: 1 latency: 0.521093
hops: 1 latency: 0.399802
hops: 1 latency: 0.503856
hops: 1 latency: 0.302945
hops: 1 latency: 0.366856
hops: 1 latency: 0.504828
hops: 1 latency: 0.361387
hops: 1 latency: 0.372296
hops: 1 latency: 0.643934
hops: 1 latency: 0.532285
hops: 1 latency: 0.325955
hops: 1 latency: 0.280646
hops: 1 latency: 0.308863
hops: 1 latency: 0.29695
hops: 1 latency: 0.336626
hops: 1 latency: 0.323348
hops: 1 latency: 0.514677
hops: 1 latency: 0.504365
hops: 1 latency: 0.489764
hops: 1 latency: 0.306352
hops: 1 latency: 0.481587
hops: 1 latency: 0.504098
hops: 1 latency: 0.298362
hops: 1 latency: 0.308139
hops: 1 latency: 0.281891
hops: 1 latency: 0.372076
hops: 1 latency: 0.523104
hops: 1 latency: 0.433068
hops: 1 latency: 0.473635
hops: 1 latency: 0.50512
hops: 1 latency: 0.304196
hops: 1 latency: 1.322592
hops: 1 latency: 0.308546
hops: 1 latency: 0.675489
hops: 1 latency: 0.734201
hops: 1 latency: 0.431575
hops: 1 latency: 0.963305
hops: 1 latency: 0.702921
hops: 1 latency: 0.600549
hops: 1 latency: 0.499994
hops: 1 latency: 0.857912
hops: 1 latency: 0.524914
hops: 1 latency: 0.371776
hops: 1 latency: 0.423164
hops: 1 latency: 0.327375
hops: 1 latency: 0.562904
hops: 1 latency: 0.377015
hops: 1 latency: 0.596036
hops: 1 latency: 0.538307
hops: 1 latency: 0.544937
hops: 1 latency: 0.5837
hops: 1 latency: 0.583201
hops: 1 latency: 0.359399
hops: 1 latency: 0.700972
hops: 1 latency: 0.590954
hops: 1 latency: 0.378388
hops: 1 latency: 0.3591
hops: 1 latency: 0.487608
hops: 1 latency: 0.560353
hops: 1 latency: 0.606002
hops: 1 latency: 0.332435
hops: 1 latency: 0.591364
hops: 1 latency: 0.610587
hops: 1 latency: 0.61859
hops: 1 latency: 0.807616
hops: 1 latency: 0.650598
hops: 1 latency: 0.419174
hops: 1 latency: 0.445469
hops: 1 latency: 0.598873
hops: 1 latency: 0.543376
hops: 1 latency: 0.540064
hops: 1 latency: 0.59511
hops: 1 latency: 0.613424
hops: 1 latency: 0.574753
hops: 1 latency: 0.626957
hops: 1 latency: 0.382885
hops: 1 latency: 0.605104
hops: 1 latency: 0.587242
hops: 1 latency: 0.601679
hops: 1 latency: 0.558536
hops: 1 latency: 0.428613
hops: 1 latency: 0.580128
hops: 1 latency: 0.533474
hops: 1 latency: 0.408914
hops: 1 latency: 0.736348
hops: 1 latency: 0.468017
hops: 1 latency: 0.795322
hops: 1 latency: 0.792381
hops: 1 latency: 0.558382
hops: 1 latency: 0.318302
hops: 1 latency: 0.679692
hops: 1 latency: 0.442498
hops: 1 latency: 0.630854
hops: 1 latency: 0.639927
hops: 1 latency: 0.368813
hops: 1 latency: 0.565539
hops: 1 latency: 0.48743
hops: 1 latency: 0.326485
hops: 1 latency: 0.596837
hops: 1 latency: 0.453523
hops: 1 latency: 0.505577
hops: 1 latency: 0.866254
hops: 1 latency: 0.447136
hops: 1 latency: 1.05101
hops: 1 latency: 0.385501
hops: 1 latency: 0.634032
hops: 1 latency: 0.514898
hops: 1 latency: 0.841481
hops: 1 latency: 0.509987
hops: 1 latency: 0.516089
hops: 1 latency: 0.456444
hops: 1 latency: 0.301658
hops: 1 latency: 0.311894
hops: 1 latency: 0.491562
hops: 1 latency: 0.516902
hops: 1 latency: 0.276577
hops: 1 latency: 0.568007
hops: 1 latency: 0.566423
hops: 1 latency: 0.391779
hops: 1 latency: 0.324886
hops: 1 latency: 0.955472
hops: 1 latency: 0.458673
hops: 1 latency: 0.799994
hops: 1 latency: 0.542632
hops: 1 latency: 0.730463
hops: 1 latency: 0.775204
hops: 1 latency: 0.444406
hops: 1 latency: 0.602864
hops: 1 latency: 0.34249
hops: 1 latency: 0.349941
hops: 1 latency: 0.734624
hops: 1 latency: 0.498883
hops: 1 latency: 0.445656
hops: 1 latency: 0.300461
hops: 1 latency: 0.573128
hops: 1 latency: 0.696145
hops: 1 latency: 0.74969
hops: 1 latency: 0.702684
hops: 1 latency: 0.370211
hops: 1 latency: 0.568881
hops: 1 latency: 0.260792
hops: 1 latency: 0.310659
hops: 1 latency: 0.500574
hops: 1 latency: 0.55796
hops: 1 latency: 0.84972
hops: 1 latency: 0.636041
hops: 1 latency: 0.779627
hops: 1 latency: 0.353004
hops: 1 latency: 0.860314
hops: 1 latency: 1.301463
hops: 1 latency: 0.491904
hops: 1 latency: 0.68633
hops: 1 latency: 0.661491
hops: 1 latency: 0.724007
hops: 1 latency: 0.585362
hops: 1 latency: 0.465716
hops: 1 latency: 0.326456
hops: 1 latency: 0.531293
hops: 1 latency: 0.46535
hops: 1 latency: 0.452305
hops: 1 latency: 0.539468
hops: 1 latency: 0.282029
hops: 1 latency: 0.522312
hops: 1 latency: 0.279542
hops: 1 latency: 0.474332
hops: 1 latency: 0.320614
hops: 1 latency: 0.324116
hops: 1 latency: 0.317761
hops: 1 latency: 0.490039
hops: 1 latency: 0.375916
hops: 1 latency: 0.352472
hops: 1 latency: 0.721509
hops: 1 latency: 0.672566
hops: 1 latency: 0.668395
hops: 1 latency: 0.429747
hops: 1 latency: 0.348943
hops: 1 latency: 0.597063
hops: 1 latency: 0.383445
hops: 1 latency: 0.541097
hops: 1 latency: 0.501079
hops: 1 latency: 0.323007
hops: 1 latency: 0.342001
hops: 1 latency: 0.49402
hops: 1 latency: 0.545036
hops: 1 latency: 1.257206
hops: 1 latency: 0.811381
hops: 1 latency: 0.35849
hops: 1 latency: 0.592082
hops: 1 latency: 0.587282
hops: 1 latency: 0.549725
hops: 1 latency: 0.346825
hops: 1 latency: 0.276021
hops: 1 latency: 0.501506
hops: 1 latency: 0.539983
hops: 1 latency: 0.477658
hops: 1 latency: 0.463201
hops: 1 latency: 0.319892
hops: 1 latency: 0.638945
hops: 1 latency: 0.403296
hops: 1 latency: 0.363675
hops: 1 latency: 0.667362
hops: 1 latency: 0.415963
hops: 1 latency: 0.478689
hops: 1 latency: 0.430345
hops: 1 latency: 0.564109
hops: 1 latency: 0.568669
hops: 1 latency: 0.617051
hops: 1 latency: 0.544728
hops: 1 latency: 0.353326
hops: 1 latency: 0.455751
hops: 1 latency: 0.495672
hops: 1 latency: 0.638398
hops: 1 latency: 0.402028
hops: 1 latency: 0.432745
hops: 1 latency: 0.632686
hops: 1 latency: 0.502156
hops: 1 latency: 0.527288
hops: 1 latency: 0.487035
hops: 1 latency: 0.48044
hops: 1 latency: 0.251512
hops: 1 latency: 0.281761
hops: 1 latency: 0.2904
hops: 1 latency: 0.498949
hops: 1 latency: 0.452633
hops: 1 latency: 0.553486
hops: 1 latency: 0.505108
hops: 1 latency: 0.573444
hops: 1 latency: 0.76304
hops: 1 latency: 0.658176
hops: 1 latency: 0.341659
hops: 1 latency: 0.261276
hops: 1 latency: 0.561808
hops: 1 latency: 0.390544
hops: 1 latency: 0.601456
hops: 1 latency: 1.013521
hops: 1 latency: 0.580355
hops: 1 latency: 0.372685
hops: 1 latency: 0.347107
hops: 1 latency: 0.640888
hops: 1 latency: 0.600833
hops: 1 latency: 0.440713
hops: 1 latency: 0.48597
hops: 1 latency: 0.854557
hops: 1 latency: 0.517814
hops: 1 latency: 0.54578
hops: 1 latency: 0.500362
hops: 1 latency: 0.318192
hops: 1 latency: 0.298306
hops: 1 latency: 0.480703
hops: 1 latency: 0.593821
hops: 1 latency: 0.35517
hops: 1 latency: 0.253499
hops: 1 latency: 0.527083
hops: 1 latency: 0.603483
hops: 1 latency: 0.41046
hops: 1 latency: 0.618821
hops: 1 latency: 0.434999
hops: 1 latency: 0.583415
hops: 1 latency: 0.55765
hops: 1 latency: 0.31375
hops: 1 latency: 0.672024
hops: 1 latency: 0.331144
hops: 1 latency: 1.128117
hops: 1 latency: 0.54881
hops: 1 latency: 0.317244
hops: 1 latency: 0.34151
hops: 1 latency: 0.375686
hops: 1 latency: 0.429211
hops: 1 latency: 0.517252
hops: 1 latency: 0.795536
hops: 1 latency: 0.369399
hops: 1 latency: 0.347301
hops: 1 latency: 0.553369
hops: 1 latency: 0.590016
hops: 1 latency: 0.419261
hops: 1 latency: 0.563384
hops: 1 latency: 0.538271
hops: 1 latency: 0.32238
hops: 1 latency: 0.485635
hops: 1 latency: 0.537985
hops: 1 latency: 0.362201
hops: 1 latency: 0.355403
hops: 1 latency: 0.453964
hops: 1 latency: 0.667592
hops: 1 latency: 0.644226
hops: 1 latency: 0.565645
hops: 1 latency: 0.370812
hops: 1 latency: 0.354172
hops: 1 latency: 0.290551
hops: 1 latency: 0.38045
hops: 1 latency: 0.317897
hops: 1 latency: 0.450476
hops: 1 latency: 0.795356
hops: 1 latency: 0.471597
hops: 1 latency: 0.780401
hops: 1 latency: 0.377706
hops: 1 latency: 0.790756
hops: 1 latency: 0.453709
hops: 1 latency: 0.4732
hops: 1 latency: 0.574845
hops: 1 latency: 0.578435
hops: 1 latency: 0.504971
hops: 1 latency: 0.309218
hops: 1 latency: 0.529403
hops: 1 latency: 0.35181
hops: 1 latency: 0.272403
hops: 1 latency: 0.606988
hops: 1 latency: 0.486111
hops: 1 latency: 0.329348
hops: 1 latency: 0.390618
hops: 1 latency: 0.659885
hops: 1 latency: 0.516209
hops: 1 latency: 0.685259
hops: 1 latency: 0.490644
hops: 1 latency: 0.565803
hops: 1 latency: 0.311801
hops: 1 latency: 0.310502
hops: 1 latency: 0.555666
hops: 1 latency: 0.338955
hops: 1 latency: 0.360393
hops: 1 latency: 0.602668
hops: 1 latency: 0.410229
hops: 1 latency: 0.805024
hops: 1 latency: 0.534021
hops: 1 latency: 0.587565
hops: 1 latency: 1.351152
hops: 1 latency: 0.58634
hops: 1 latency: 0.320438
hops: 1 latency: 0.343336
hops: 1 latency: 0.597042
hops: 1 latency: 0.556772
hops: 1 latency: 0.323723
hops: 1 latency: 0.383359
hops: 1 latency: 0.568184
hops: 1 latency: 0.691028
hops: 1 latency: 0.314873
hops: 1 latency: 1.535711
hops: 1 latency: 1.0647
hops: 1 latency: 0.340074
hops: 1 latency: 0.595983
hops: 1 latency: 0.321003
hops: 1 latency: 0.375471
hops: 1 latency: 0.339974
hops: 1 latency: 0.54871
hops: 1 latency: 0.376328
hops: 1 latency: 0.290786
hops: 1 latency: 0.333035
hops: 1 latency: 0.614056
hops: 1 latency: 0.347227
hops: 1 latency: 1.440766
hops: 1 latency: 0.744206
hops: 1 latency: 0.492655
hops: 1 latency: 0.361339
hops: 1 latency: 0.530643
hops: 1 latency: 0.295063
hops: 1 latency: 0.369654
hops: 1 latency: 0.7205
hops: 1 latency: 0.541102
hops: 1 latency: 0.570859
hops: 1 latency: 0.454439
hops: 1 latency: 0.788011
hops: 1 latency: 0.636345
hops: 1 latency: 1.042222
hops: 1 latency: 0.435324
hops: 1 latency: 0.558333
hops: 1 latency: 0.653744
hops: 1 latency: 0.476604
hops: 1 latency: 0.660341
hops: 1 latency: 0.377976
hops: 1 latency: 0.472724
hops: 1 latency: 0.427553
hops: 1 latency: 0.365236
hops: 1 latency: 0.327911
hops: 1 latency: 0.493918
hops: 1 latency: 0.873379
hops: 1 latency: 0.872168
hops: 1 latency: 0.655294
hops: 1 latency: 0.606397
hops: 1 latency: 0.509568
hops: 1 latency: 0.38989
hops: 1 latency: 0.292882
hops: 1 latency: 0.485896
hops: 1 latency: 0.562503
hops: 1 latency: 0.272407
hops: 1 latency: 0.333451
hops: 1 latency: 0.462703
hops: 1 latency: 0.280197
hops: 1 latency: 0.469729
hops: 1 latency: 0.513822
hops: 1 latency: 0.374072
hops: 1 latency: 0.648718
hops: 1 latency: 0.616143
hops: 1 latency: 0.498037
hops: 1 latency: 0.47547
hops: 1 latency: 0.628869
hops: 1 latency: 0.576054
hops: 1 latency: 0.724075
hops: 1 latency: 0.325776
hops: 1 latency: 0.427341
hops: 1 latency: 0.596142
hops: 1 latency: 0.637948
hops: 1 latency: 0.302723
hops: 1 latency: 0.416224
hops: 1 latency: 0.327958
hops: 1 latency: 0.704069
hops: 1 latency: 1.458934
hops: 1 latency: 0.663113
hops: 1 latency: 0.439311
hops: 1 latency: 0.391873
hops: 1 latency: 0.569671
hops: 1 latency: 0.547633
hops: 1 latency: 0.718437
hops: 1 latency: 0.553824
hops: 1 latency: 0.508092
hops: 1 latency: 0.928091
hops: 1 latency: 0.38415
hops: 1 latency: 0.304537
hops: 1 latency: 0.485509
hops: 1 latency: 0.326465
hops: 1 latency: 0.538196
hops: 1 latency: 0.316624
hops: 1 latency: 0.610579
hops: 1 latency: 0.296006
hops: 1 latency: 0.350324
hops: 1 latency: 0.531169
hops: 1 latency: 0.318325
hops: 1 latency: 0.339255
hops: 1 latency: 0.546875
hops: 1 latency: 0.539186
hops: 1 latency: 0.376799
hops: 1 latency: 0.658431
hops: 1 latency: 0.349764
hops: 1 latency: 0.30406
hops: 1 latency: 0.331918
hops: 1 latency: 0.516774
hops: 1 latency: 0.527247
hops: 1 latency: 0.307345
hops: 1 latency: 0.261131
hops: 1 latency: 0.325388
hops: 1 latency: 0.535345
hops: 1 latency: 0.474353
hops: 1 latency: 0.5221
hops: 1 latency: 0.367657
hops: 1 latency: 0.520475
hops: 1 latency: 0.595554
hops: 1 latency: 0.335736
hops: 1 latency: 0.526922
hops: 1 latency: 0.453989
hops: 1 latency: 0.368589
hops: 1 latency: 0.541736
hops: 1 latency: 0.285315
hops: 1 latency: 0.493292
hops: 1 latency: 0.293643
hops: 1 latency: 0.509536
hops: 1 latency: 0.515766
hops: 1 latency: 0.524681
hops: 1 latency: 0.305735
hops: 1 latency: 0.607015
hops: 1 latency: 0.30047
hops: 1 latency: 0.331474
hops: 1 latency: 0.439318
hops: 1 latency: 0.449043
hops: 1 latency: 0.560363
hops: 1 latency: 0.512946
hops: 1 latency: 0.573568
hops: 1 latency: 0.533247
hops: 1 latency: 0.424775
hops: 1 latency: 0.429625
hops: 1 latency: 0.489865
hops: 1 latency: 0.554667
hops: 1 latency: 0.343923
hops: 1 latency: 0.502741
hops: 1 latency: 0.473866
hops: 1 latency: 0.491032
hops: 1 latency: 0.321388
hops: 1 latency: 0.324716
hops: 1 latency: 0.523746
hops: 1 latency: 0.558791
hops: 1 latency: 0.372747
hops: 1 latency: 0.313921
hops: 1 latency: 0.351065
hops: 1 latency: 0.335992
hops: 1 latency: 0.493718
hops: 1 latency: 0.390219
hops: 1 latency: 0.34616
hops: 1 latency: 0.51371
hops: 1 latency: 0.499216
hops: 1 latency: 0.631875
hops: 1 latency: 0.359285
hops: 1 latency: 0.350424
hops: 1 latency: 0.531844
hops: 1 latency: 0.377841
hops: 1 latency: 0.318964
hops: 1 latency: 0.550157
hops: 1 latency: 1.264889
hops: 1 latency: 0.305681
hops: 1 latency: 0.345229
hops: 1 latency: 0.551686
hops: 1 latency: 0.574473
hops: 1 latency: 0.432265
hops: 1 latency: 0.337186
hops: 1 latency: 0.343811
hops: 1 latency: 0.671898
hops: 1 latency: 0.316811
hops: 1 latency: 0.562232
hops: 1 latency: 0.334881
hops: 1 latency: 0.511015
hops: 1 latency: 0.288395
hops: 1 latency: 0.512267
hops: 1 latency: 0.647733
hops: 1 latency: 0.525933
hops: 1 latency: 0.317544
hops: 1 latency: 0.562405
hops: 1 latency: 0.297348
hops: 1 latency: 0.311636
hops: 1 latency: 0.531236
hops: 1 latency: 0.58126
hops: 1 latency: 0.51896
hops: 1 latency: 0.305735
hops: 1 latency: 0.318163
hops: 1 latency: 0.325373
hops: 1 latency: 0.257065
hops: 1 latency: 0.31747
hops: 1 latency: 0.471625
hops: 1 latency: 0.296572
hops: 1 latency: 0.29866
hops: 1 latency: 0.511653
hops: 1 latency: 0.318207
hops: 1 latency: 0.339735
hops: 1 latency: 0.372829
hops: 1 latency: 0.342601
hops: 1 latency: 0.497309
hops: 1 latency: 0.563758
hops: 1 latency: 0.338397
hops: 1 latency: 0.334484
hops: 1 latency: 0.554828
hops: 1 latency: 0.287401
hops: 1 latency: 0.327969
hops: 1 latency: 0.492966
hops: 1 latency: 0.480195
hops: 1 latency: 0.56364
hops: 1 latency: 0.322943
hops: 1 latency: 0.306121
hops: 1 latency: 0.386643
hops: 1 latency: 0.514997
hops: 1 latency: 0.443323
hops: 1 latency: 0.361244
hops: 1 latency: 0.404952
hops: 1 latency: 0.327377
hops: 1 latency: 0.455781
hops: 1 latency: 0.46649
hops: 1 latency: 0.349398
hops: 1 latency: 0.301155
hops: 1 latency: 0.502499
hops: 1 latency: 0.368997
hops: 1 latency: 0.327313
hops: 1 latency: 0.553718
hops: 1 latency: 0.538417
hops: 1 latency: 0.309962
hops: 1 latency: 0.310682
hops: 1 latency: 0.382113
hops: 1 latency: 0.339479
hops: 1 latency: 0.512245
hops: 1 latency: 0.625874
hops: 1 latency: 0.383865
hops: 1 latency: 0.287586
hops: 1 latency: 0.296002
hops: 1 latency: 0.313209
hops: 1 latency: 0.328832
hops: 1 latency: 1.526794
hops: 1 latency: 0.360359
hops: 1 latency: 0.527442
hops: 1 latency: 0.288246
hops: 1 latency: 0.299033
hops: 1 latency: 0.271872
hops: 1 latency: 0.339996
hops: 1 latency: 0.672331
hops: 1 latency: 0.461198
hops: 1 latency: 0.376341
hops: 1 latency: 0.335488
hops: 1 latency: 0.498915
hops: 1 latency: 0.457935
hops: 1 latency: 0.518025
hops: 1 latency: 0.859331
hops: 1 latency: 0.440719
hops: 1 latency: 0.303762
hops: 1 latency: 0.309715
hops: 1 latency: 0.306328
hops: 1 latency: 0.269257
hops: 1 latency: 0.425392
hops: 1 latency: 0.39725
hops: 1 latency: 0.292255
hops: 1 latency: 0.488479
hops: 1 latency: 0.545069
hops: 1 latency: 0.309919
hops: 1 latency: 0.491791
hops: 1 latency: 0.544534
hops: 1 latency: 0.316399
hops: 1 latency: 0.295329
hops: 1 latency: 0.26896
hops: 1 latency: 0.467655
hops: 1 latency: 0.264015
hops: 1 latency: 0.502725
hops: 1 latency: 0.538776
hops: 1 latency: 0.627808
hops: 1 latency: 0.477386
hops: 1 latency: 0.526905
hops: 1 latency: 0.799418
hops: 1 latency: 0.57963
hops: 1 latency: 0.519907
hops: 1 latency: 0.546539
hops: 1 latency: 0.301815
hops: 1 latency: 0.297305
hops: 1 latency: 0.296916
hops: 1 latency: 0.468787
hops: 1 latency: 0.46638
hops: 1 latency: 0.47153
hops: 1 latency: 0.423448
hops: 1 latency: 0.234413
hops: 1 latency: 0.498
hops: 1 latency: 0.509571
hops: 1 latency: 0.497632
hops: 1 latency: 0.297523
hops: 1 latency: 0.273047
hops: 1 latency: 0.30054
hops: 1 latency: 0.568107
hops: 1 latency: 0.422004
hops: 1 latency: 0.486052
hops: 1 latency: 0.504265
hops: 1 latency: 0.331592
hops: 1 latency: 0.521027
hops: 1 latency: 0.259047
hops: 1 latency: 0.269999
hops: 1 latency: 0.288488
hops: 1 latency: 0.437828
hops: 1 latency: 0.466194
hops: 1 latency: 0.481483
hops: 1 latency: 0.297644
hops: 1 latency: 0.262435
hops: 1 latency: 0.39007
hops: 1 latency: 0.422758
hops: 1 latency: 0.468589
hops: 1 latency: 0.528223
hops: 1 latency: 0.46321
hops: 1 latency: 0.513388
hops: 1 latency: 0.451343
hops: 1 latency: 0.518487
hops: 1 latency: 0.474511
hops: 1 latency: 0.278667
hops: 1 latency: 0.438687
hops: 1 latency: 0.258221
hops: 1 latency: 0.90766
hops: 1 latency: 0.457107
hops: 1 latency: 0.312826
hops: 1 latency: 0.253662
hops: 1 latency: 0.447034
hops: 1 latency: 0.473419
hops: 1 latency: 0.458231
hops: 1 latency: 0.301678
hops: 1 latency: 0.282152
hops: 1 latency: 0.304996
hops: 1 latency: 0.450899
hops: 1 latency: 0.456475
hops: 1 latency: 0.291065
hops: 1 latency: 0.271796
hops: 1 latency: 0.276625
hops: 1 latency: 0.440863
hops: 1 latency: 0.43365
hops: 1 latency: 0.525868
hops: 1 latency: 0.526312
hops: 1 latency: 0.471723
hops: 1 latency: 0.489726
hops: 1 latency: 0.47154
hops: 1 latency: 0.275592
hops: 1 latency: 0.283304
hops: 1 latency: 0.548425
hops: 1 latency: 0.541722
hops: 1 latency: 0.305677
hops: 1 latency: 0.558554
hops: 1 latency: 0.310444
hops: 1 latency: 0.436082
hops: 1 latency: 0.449461
hops: 1 latency: 0.311533
hops: 1 latency: 0.415075
hops: 1 latency: 0.266334
hops: 1 latency: 0.309994
hops: 1 latency: 0.313288
hops: 1 latency: 0.298974
hops: 1 latency: 0.409978
hops: 1 latency: 0.493172
hops: 1 latency: 0.596221
hops: 1 latency: 0.3151
hops: 1 latency: 0.548145
hops: 1 latency: 0.458978
hops: 1 latency: 0.7238
hops: 1 latency: 0.448272
hops: 1 latency: 0.516103
hops: 1 latency: 0.387124
hops: 1 latency: 0.544467
hops: 1 latency: 0.539989
hops: 1 latency: 0.338432
hops: 1 latency: 0.49544
hops: 1 latency: 0.344644
hops: 1 latency: 0.564578
hops: 1 latency: 0.397161
hops: 1 latency: 0.334407
hops: 1 latency: 0.36539
hops: 1 latency: 0.55319
hops: 1 latency: 0.49286
hops: 1 latency: 0.605868
hops: 1 latency: 0.882506
hops: 1 latency: 0.419107
hops: 1 latency: 0.501248
hops: 1 latency: 0.256762
hops: 1 latency: 0.300548
hops: 1 latency: 0.303096
hops: 1 latency: 0.489007
hops: 1 latency: 0.5658
hops: 1 latency: 0.489345
hops: 1 latency: 0.458227
hops: 1 latency: 0.542872
hops: 1 latency: 0.351536
hops: 1 latency: 0.496169
hops: 1 latency: 0.291623
hops: 1 latency: 0.272715
hops: 1 latency: 0.515809
hops: 1 latency: 0.505049
hops: 1 latency: 0.647676
hops: 1 latency: 0.478928
hops: 1 latency: 0.486609
hops: 1 latency: 0.31294
hops: 1 latency: 0.260187
hops: 1 latency: 0.45202
hops: 1 latency: 0.547537
hops: 1 latency: 1.295544
hops: 1 latency: 0.409112
hops: 1 latency: 0.272887
hops: 1 latency: 0.500494
hops: 1 latency: 0.278389
hops: 1 latency: 0.280867
hops: 1 latency: 0.322888
hops: 1 latency: 0.317978
hops: 1 latency: 0.268028
hops: 1 latency: 0.307669
hops: 1 latency: 0.516817
hops: 1 latency: 0.254502
hops: 1 latency: 0.286884
hops: 1 latency: 0.292135
hops: 1 latency: 0.342474
hops: 1 latency: 0.250367
hops: 1 latency: 0.325298
hops: 1 latency: 0.489188
hops: 1 latency: 0.437436
hops: 1 latency: 0.252152
hops: 1 latency: 0.506447
hops: 1 latency: 0.461066
hops: 1 latency: 0.424256
hops: 1 latency: 0.336682
hops: 1 latency: 0.339866
hops: 1 latency: 0.541852
hops: 1 latency: 0.463308
hops: 1 latency: 0.511438
hops: 1 latency: 0.465868
hops: 1 latency: 0.324389
hops: 1 latency: 0.322451
hops: 1 latency: 0.435992
hops: 1 latency: 0.482923
hops: 1 latency: 0.304426
hops: 1 latency: 0.324228
hops: 1 latency: 0.295389
hops: 1 latency: 0.266586
hops: 1 latency: 0.485779
hops: 1 latency: 0.292292
hops: 1 latency: 0.480041
hops: 1 latency: 0.538434
hops: 1 latency: 0.428122
hops: 1 latency: 0.447843
hops: 1 latency: 0.446555
hops: 1 latency: 0.495737
hops: 1 latency: 0.478494
hops: 1 latency: 0.304893
hops: 1 latency: 0.299718
hops: 1 latency: 0.524941
hops: 1 latency: 0.417703
hops: 1 latency: 0.481377
hops: 1 latency: 0.269944
hops: 1 latency: 0.291333
hops: 1 latency: 0.463974
hops: 1 latency: 0.308611
hops: 1 latency: 0.496533
hops: 1 latency: 0.475311
hops: 1 latency: 0.27974
hops: 1 latency: 0.488054
hops: 1 latency: 0.31474
hops: 1 latency: 0.529816
hops: 1 latency: 0.329934
hops: 1 latency: 0.334953
hops: 1 latency: 0.503666
hops: 1 latency: 0.307768
hops: 1 latency: 0.290498
hops: 1 latency: 0.57396
hops: 1 latency: 0.485544
hops: 1 latency: 0.475042
hops: 1 latency: 0.325688
hops: 1 latency: 0.289719
hops: 1 latency: 0.459492
hops: 1 latency: 0.433325
hops: 1 latency: 0.531442
hops: 1 latency: 0.276164
hops: 1 latency: 0.294356
hops: 1 latency: 0.304714
hops: 1 latency: 0.461326
hops: 1 latency: 0.49842
hops: 1 latency: 0.433381
hops: 1 latency: 0.48282
hops: 1 latency: 0.361363
hops: 1 latency: 1.953329
hops: 1 latency: 0.469195
hops: 1 latency: 0.307939
hops: 1 latency: 0.528977
hops: 1 latency: 0.453061
hops: 1 latency: 0.530729
hops: 1 latency: 0.291925
hops: 1 latency: 0.494002
hops: 1 latency: 0.417739
hops: 1 latency: 0.442228
hops: 1 latency: 0.27376
hops: 1 latency: 0.335592
hops: 1 latency: 0.424488
hops: 1 latency: 0.288414
hops: 1 latency: 0.513073
hops: 1 latency: 0.450082
hops: 1 latency: 0.506481
hops: 1 latency: 0.337425
hops: 1 latency: 0.47971
hops: 1 latency: 0.430389
hops: 1 latency: 0.518364
hops: 1 latency: 0.261027
hops: 1 latency: 0.288512
hops: 1 latency: 0.407405
hops: 1 latency: 0.296197
hops: 1 latency: 0.41898
hops: 1 latency: 0.290011
hops: 1 latency: 0.475899
hops: 1 latency: 0.318675
hops: 1 latency: 0.266965
hops: 1 latency: 0.474781
hops: 1 latency: 0.271041
hops: 1 latency: 0.268325
hops: 1 latency: 0.54406
hops: 1 latency: 0.306915
hops: 1 latency: 0.284817
hops: 1 latency: 0.306266
hops: 1 latency: 0.445661
hops: 1 latency: 0.437562
hops: 1 latency: 0.484796
hops: 1 latency: 0.33271
hops: 1 latency: 0.550277
hops: 1 latency: 0.32306
hops: 1 latency: 0.281985
hops: 1 latency: 0.31322
hops: 1 latency: 0.450259
hops: 1 latency: 0.480951
hops: 1 latency: 0.301336
hops: 1 latency: 0.265712
hops: 1 latency: 0.286741
hops: 1 latency: 0.45859
hops: 1 latency: 0.32696
hops: 1 latency: 0.325136
hops: 1 latency: 0.307665
hops: 1 latency: 0.514633
hops: 1 latency: 0.571069
hops: 1 latency: 0.495231
hops: 1 latency: 0.297992
hops: 1 latency: 0.355391
hops: 1 latency: 0.547397
hops: 1 latency: 0.428959
hops: 1 latency: 0.434286
hops: 1 latency: 0.320695
hops: 1 latency: 0.335902
hops: 1 latency: 0.54428
hops: 1 latency: 0.452904
hops: 1 latency: 0.313504
hops: 1 latency: 0.482802
hops: 1 latency: 0.270224
hops: 1 latency: 0.278889
hops: 1 latency: 0.27044
hops: 1 latency: 0.424353
hops: 1 latency: 0.396694
hops: 1 latency: 0.480332
hops: 1 latency: 0.583603
hops: 1 latency: 0.323258
hops: 1 latency: 0.340712
hops: 1 latency: 0.322817
hops: 1 latency: 0.486945
hops: 1 latency: 0.257009
hops: 1 latency: 0.266178
hops: 1 latency: 0.450768
hops: 1 latency: 7.688248
hops: 1 latency: 0.631181
hops: 1 latency: 8.950733
hops: 1 latency: 0.799165
hops: 1 latency: 3.188901
hops: 1 latency: 0.738462
hops: 1 latency: 0.59293
hops: 1 latency: 0.631944
hops: 1 latency: 0.437403
hops: 1 latency: 0.309554
hops: 1 latency: 0.423619
hops: 1 latency: 0.432396
hops: 1 latency: 0.25852
hops: 1 latency: 0.26399
hops: 1 latency: 0.298084
hops: 1 latency: 0.268181
hops: 1 latency: 0.44508
hops: 1 latency: 0.436295
hops: 1 latency: 0.338725
hops: 1 latency: 0.490466
hops: 1 latency: 0.474884
hops: 1 latency: 0.295081
hops: 1 latency: 0.396532
hops: 1 latency: 0.511535
hops: 1 latency: 0.268837
hops: 1 latency: 0.371278
hops: 1 latency: 0.274431
hops: 1 latency: 0.513722
hops: 1 latency: 0.504521
hops: 1 latency: 0.273517
hops: 1 latency: 0.275044
hops: 1 latency: 0.450519
hops: 1 latency: 0.487228
hops: 1 latency: 0.285307
hops: 1 latency: 0.436742
hops: 1 latency: 0.480512
hops: 1 latency: 0.25445
hops: 1 latency: 0.277153
hops: 1 latency: 0.297895
hops: 1 latency: 0.539185
hops: 1 latency: 0.321084
hops: 1 latency: 0.280706
hops: 1 latency: 0.267632
hops: 1 latency: 0.295689
hops: 1 latency: 0.315307
hops: 1 latency: 0.472154
hops: 1 latency: 0.339866
hops: 1 latency: 0.600077
hops: 1 latency: 0.41826
hops: 1 latency: 0.469989
hops: 1 latency: 0.517691
hops: 1 latency: 0.503906
hops: 1 latency: 0.298986
hops: 1 latency: 0.466725
hops: 1 latency: 0.45089
hops: 1 latency: 0.294448
hops: 1 latency: 0.295089
hops: 1 latency: 0.469869
hops: 1 latency: 0.34204
hops: 1 latency: 0.46685
hops: 1 latency: 0.426084
hops: 1 latency: 0.328422
hops: 1 latency: 0.413557
hops: 1 latency: 0.538177
hops: 1 latency: 0.437344
hops: 1 latency: 0.50135
hops: 1 latency: 0.338411
hops: 1 latency: 0.46962
hops: 1 latency: 0.457038
hops: 1 latency: 0.479439
hops: 1 latency: 0.332732
hops: 1 latency: 0.284335
hops: 1 latency: 0.45785
hops: 1 latency: 0.287018
hops: 1 latency: 0.550429
hops: 1 latency: 0.323534
hops: 1 latency: 0.317995
hops: 1 latency: 0.40251
hops: 1 latency: 0.443814
hops: 1 latency: 0.47727
hops: 1 latency: 0.486669
hops: 1 latency: 0.344186
hops: 1 latency: 0.456087
hops: 1 latency: 0.323046
hops: 1 latency: 0.316707
hops: 1 latency: 0.60145
hops: 1 latency: 0.507622
hops: 1 latency: 0.427101
hops: 1 latency: 0.268381
hops: 1 latency: 0.312509
hops: 1 latency: 0.513265
hops: 1 latency: 0.518483
hops: 1 latency: 0.301336
hops: 1 latency: 0.554796
hops: 1 latency: 0.445797
hops: 1 latency: 0.427084
hops: 1 latency: 0.463335
hops: 1 latency: 0.277746
hops: 1 latency: 0.560783
hops: 1 latency: 0.533579
hops: 1 latency: 0.540858
hops: 1 latency: 0.315257
hops: 1 latency: 0.28886
hops: 1 latency: 0.316616
hops: 1 latency: 0.47684
hops: 1 latency: 0.282343
hops: 1 latency: 0.444267
hops: 1 latency: 0.464229
hops: 1 latency: 0.286785
hops: 1 latency: 0.528566
hops: 1 latency: 0.444412
hops: 1 latency: 0.464787
hops: 1 latency: 0.297403
hops: 1 latency: 0.503531
hops: 1 latency: 0.299746
hops: 1 latency: 0.376316
hops: 1 latency: 0.522132
hops: 1 latency: 0.51033
hops: 1 latency: 0.542674
hops: 1 latency: 0.490001
hops: 1 latency: 0.458027
hops: 1 latency: 0.288238
hops: 1 latency: 0.449528
hops: 1 latency: 0.300435
hops: 1 latency: 0.460654
hops: 1 latency: 0.305814
hops: 1 latency: 0.513753
hops: 1 latency: 0.474254
hops: 1 latency: 0.505458
hops: 1 latency: 0.303647
hops: 1 latency: 0.302221
hops: 1 latency: 0.49291
hops: 1 latency: 0.290276
hops: 1 latency: 0.499872
hops: 1 latency: 0.415102
hops: 1 latency: 0.483843
hops: 1 latency: 0.593351
hops: 1 latency: 0.359856
hops: 1 latency: 0.34572
hops: 1 latency: 0.321237
hops: 1 latency: 0.468849
hops: 1 latency: 0.474315
hops: 1 latency: 0.268889
hops: 1 latency: 0.490063
hops: 1 latency: 0.466506
hops: 1 latency: 0.473542
hops: 1 latency: 0.45992
hops: 1 latency: 0.486748
hops: 1 latency: 0.493222
hops: 1 latency: 0.480132
hops: 1 latency: 0.3078
hops: 1 latency: 0.36981
hops: 1 latency: 0.397711
hops: 1 latency: 0.680324
hops: 1 latency: 0.924445
hops: 1 latency: 0.588473
hops: 1 latency: 0.594069
hops: 1 latency: 0.450337
hops: 1 latency: 0.538471
hops: 1 latency: 0.353773
hops: 1 latency: 0.399407
hops: 1 latency: 0.310608
hops: 1 latency: 0.315988
hops: 1 latency: 0.304729
hops: 1 latency: 0.292612
hops: 1 latency: 0.449086
hops: 1 latency: 0.510137
hops: 1 latency: 0.4658
hops: 1 latency: 0.506775
hops: 1 latency: 0.515355
hops: 1 latency: 0.323626
hops: 1 latency: 0.340084
hops: 1 latency: 0.285392
hops: 1 latency: 0.329891
hops: 1 latency: 0.497938
hops: 1 latency: 0.446698
hops: 1 latency: 0.289279
hops: 1 latency: 0.446036
hops: 1 latency: 0.475805
hops: 1 latency: 0.485446
hops: 1 latency: 0.332073
hops: 1 latency: 0.514055
hops: 1 latency: 0.449341
hops: 1 latency: 0.452321
hops: 1 latency: 0.296915
hops: 1 latency: 0.276782
hops: 1 latency: 0.898856
hops: 1 latency: 0.47749
hops: 1 latency: 0.316522
hops: 1 latency: 0.602411
hops: 1 latency: 0.325859
hops: 1 latency: 0.463531
hops: 1 latency: 0.586461
hops: 1 latency: 0.365689
hops: 1 latency: 0.299336
hops: 1 latency: 0.494747
hops: 1 latency: 0.496097
hops: 1 latency: 0.325022
hops: 1 latency: 0.463526
hops: 1 latency: 0.481905
hops: 1 latency: 0.461609
hops: 1 latency: 0.335462
hops: 1 latency: 0.326984
hops: 1 latency: 0.507166
hops: 1 latency: 0.263477
hops: 1 latency: 0.473751
hops: 1 latency: 0.321954
hops: 1 latency: 0.483625
hops: 1 latency: 0.461932
hops: 1 latency: 0.446844
hops: 1 latency: 0.317528
hops: 1 latency: 0.269351
hops: 1 latency: 0.488441
hops: 1 latency: 0.506303
hops: 1 latency: 0.488456
hops: 1 latency: 0.281524
hops: 1 latency: 0.322344
hops: 1 latency: 0.269129
hops: 1 latency: 0.538287
hops: 1 latency: 0.502484
hops: 1 latency: 0.516657
hops: 1 latency: 0.345862
hops: 1 latency: 0.440131
hops: 1 latency: 0.362465
hops: 1 latency: 0.488063
hops: 1 latency: 0.302603
hops: 1 latency: 0.272379
hops: 1 latency: 0.291471
hops: 1 latency: 0.510077
hops: 1 latency: 0.302307
hops: 1 latency: 0.263494
hops: 1 latency: 0.333099
hops: 1 latency: 0.342721
hops: 1 latency: 0.342538
hops: 1 latency: 0.310675
hops: 1 latency: 0.47123
hops: 1 latency: 0.541348
hops: 1 latency: 0.506339
hops: 1 latency: 0.52112
hops: 1 latency: 0.310216
hops: 1 latency: 0.288837
hops: 1 latency: 0.337258
hops: 1 latency: 0.308366
hops: 1 latency: 0.286491
hops: 1 latency: 0.296432
hops: 1 latency: 0.489982
hops: 1 latency: 0.301875
hops: 1 latency: 0.501237
hops: 1 latency: 0.296579
hops: 1 latency: 0.441944
hops: 1 latency: 0.301228
hops: 1 latency: 0.51501
hops: 1 latency: 0.492962
hops: 1 latency: 0.261482
hops: 1 latency: 0.339528
hops: 1 latency: 0.567527
hops: 1 latency: 0.671562
hops: 1 latency: 0.326052
hops: 1 latency: 0.323711
hops: 1 latency: 0.499286
hops: 1 latency: 0.324659
hops: 1 latency: 0.502432
hops: 1 latency: 0.265973
hops: 1 latency: 0.598072
hops: 1 latency: 0.326904
hops: 1 latency: 0.277557
hops: 1 latency: 0.58251
hops: 1 latency: 0.520411
hops: 1 latency: 1.110424
hops: 1 latency: 0.363394
hops: 1 latency: 0.286826
hops: 1 latency: 0.499035
hops: 1 latency: 0.313448
hops: 1 latency: 0.310602
hops: 1 latency: 0.444548
hops: 1 latency: 0.306734
hops: 1 latency: 0.565395
hops: 1 latency: 0.488426
hops: 1 latency: 0.450135
hops: 1 latency: 0.310436
hops: 1 latency: 0.322468
hops: 1 latency: 0.272556
hops: 1 latency: 0.294434
hops: 1 latency: 0.54047
hops: 1 latency: 0.307988
hops: 1 latency: 0.520774
hops: 1 latency: 0.35442
hops: 1 latency: 0.337751
hops: 1 latency: 0.502642
hops: 1 latency: 0.602243
hops: 1 latency: 0.504631
hops: 1 latency: 0.512188
hops: 1 latency: 0.241548
hops: 1 latency: 0.318661
hops: 1 latency: 0.259732
hops: 1 latency: 0.307552
hops: 1 latency: 0.355327
hops: 1 latency: 0.311052
hops: 1 latency: 1.097694
hops: 1 latency: 0.407928
hops: 1 latency: 0.353801
hops: 1 latency: 0.489033
hops: 1 latency: 0.627086
hops: 1 latency: 0.581891
hops: 1 latency: 0.371628
hops: 1 latency: 0.438555
hops: 1 latency: 0.31564
hops: 1 latency: 0.581831
hops: 1 latency: 0.576885
hops: 1 latency: 0.55401
hops: 1 latency: 0.442334
hops: 1 latency: 0.296104
hops: 1 latency: 0.539659
hops: 1 latency: 0.350343
hops: 1 latency: 0.466347
hops: 1 latency: 0.563903
hops: 1 latency: 0.357998
hops: 1 latency: 0.298344
hops: 1 latency: 0.474291
hops: 1 latency: 0.327578
hops: 1 latency: 0.3989
hops: 1 latency: 0.630809
hops: 1 latency: 0.520057
hops: 1 latency: 0.524538
hops: 1 latency: 1.314235
hops: 1 latency: 1.275938
hops: 1 latency: 0.600482
hops: 1 latency: 0.445646
hops: 1 latency: 0.298514
hops: 1 latency: 0.903745
hops: 1 latency: 0.589552
hops: 1 latency: 0.552853
hops: 1 latency: 0.599636
hops: 1 latency: 0.50237
hops: 1 latency: 0.563284
hops: 1 latency: 0.347745
hops: 1 latency: 0.481111
hops: 1 latency: 0.343294
hops: 1 latency: 0.368597
hops: 1 latency: 0.546505
hops: 1 latency: 0.554622
hops: 1 latency: 0.346585
hops: 1 latency: 0.727462
hops: 1 latency: 0.856188
hops: 1 latency: 0.386554
hops: 1 latency: 0.308669
hops: 1 latency: 0.373549
hops: 1 latency: 0.305995
hops: 1 latency: 0.352262
hops: 1 latency: 1.054968
hops: 1 latency: 0.583451
hops: 1 latency: 0.563945
hops: 1 latency: 0.767972
hops: 1 latency: 0.551908
hops: 1 latency: 0.349126
hops: 1 latency: 1.354222
hops: 1 latency: 0.919968
hops: 1 latency: 0.336893
hops: 1 latency: 0.320508
hops: 1 latency: 0.443674
hops: 1 latency: 0.337075
hops: 1 latency: 0.56209
hops: 1 latency: 0.512356
hops: 1 latency: 0.450032
hops: 1 latency: 0.421144
hops: 1 latency: 0.329094
hops: 1 latency: 0.312867
hops: 1 latency: 0.329426
hops: 1 latency: 0.447135
hops: 1 latency: 0.80751
hops: 1 latency: 0.727294
hops: 1 latency: 0.439698
hops: 1 latency: 0.500632
hops: 1 latency: 0.482323
hops: 1 latency: 0.506269
hops: 1 latency: 0.420042
hops: 1 latency: 0.521425
hops: 1 latency: 0.329191
hops: 1 latency: 0.312108
hops: 1 latency: 0.356339
hops: 1 latency: 0.310122
hops: 1 latency: 0.389284
hops: 1 latency: 0.498161
hops: 1 latency: 2.381514
hops: 1 latency: 1.816362
hops: 1 latency: 0.477663
hops: 1 latency: 0.342019
hops: 1 latency: 0.466887
hops: 1 latency: 0.508261
hops: 1 latency: 0.389799
hops: 1 latency: 0.51989
hops: 1 latency: 0.579267
hops: 1 latency: 0.466275
hops: 1 latency: 0.531487
hops: 1 latency: 0.821638
hops: 1 latency: 0.370869
hops: 1 latency: 0.382585
hops: 1 latency: 0.524327
hops: 1 latency: 0.627709
hops: 1 latency: 0.317657
hops: 1 latency: 0.468894
hops: 1 latency: 0.303657
hops: 1 latency: 0.541409
hops: 1 latency: 0.230275
hops: 1 latency: 0.289232
hops: 1 latency: 0.245371
hops: 1 latency: 0.281012
hops: 1 latency: 0.542187
hops: 1 latency: 1.104981
hops: 1 latency: 1.019435
hops: 1 latency: 1.023216
hops: 1 latency: 0.342581
hops: 1 latency: 0.527938
hops: 1 latency: 0.522041
hops: 1 latency: 0.517813
hops: 1 latency: 0.30333
hops: 1 latency: 0.365371
hops: 1 latency: 0.398013
hops: 1 latency: 0.814353
hops: 1 latency: 0.508605
hops: 1 latency: 0.697789
hops: 1 latency: 0.339189
hops: 1 latency: 0.630983
hops: 1 latency: 0.480415
hops: 1 latency: 0.469126
hops: 1 latency: 0.499056
hops: 1 latency: 0.447402
hops: 1 latency: 0.366731
hops: 1 latency: 0.439639
hops: 1 latency: 0.557718
hops: 1 latency: 0.277919
hops: 1 latency: 0.572366
hops: 1 latency: 0.560564
hops: 1 latency: 0.594723
hops: 1 latency: 0.578426
hops: 1 latency: 0.558108
hops: 1 latency: 1.302972
hops: 1 latency: 0.904009
hops: 1 latency: 0.783811
hops: 1 latency: 0.342221
hops: 1 latency: 0.600122
hops: 1 latency: 0.613328
hops: 1 latency: 0.788085
hops: 1 latency: 0.501202
hops: 1 latency: 1.592689
hops: 1 latency: 0.610733
hops: 1 latency: 0.541773
hops: 1 latency: 0.325788
hops: 1 latency: 0.381658
hops: 1 latency: 0.299831
hops: 1 latency: 0.519792
hops: 1 latency: 0.322879
hops: 1 latency: 0.465199
hops: 1 latency: 0.327646
hops: 1 latency: 0.634632
hops: 1 latency: 1.79599
hops: 1 latency: 0.737156
hops: 1 latency: 0.658464
hops: 1 latency: 0.806266
hops: 1 latency: 0.630682
hops: 1 latency: 0.448809
hops: 1 latency: 0.702594
hops: 1 latency: 0.565645
hops: 1 latency: 0.753088
hops: 1 latency: 0.426506
hops: 1 latency: 0.400188
hops: 1 latency: 2.113551
hops: 1 latency: 0.484572
hops: 1 latency: 0.368411
hops: 1 latency: 0.358205
hops: 1 latency: 0.308886
hops: 1 latency: 0.33468
hops: 1 latency: 0.258502
hops: 1 latency: 0.518172
hops: 1 latency: 0.413742
hops: 1 latency: 0.562599
hops: 1 latency: 0.389744
hops: 1 latency: 0.617109
hops: 1 latency: 0.532994
hops: 1 latency: 0.502128
hops: 1 latency: 0.598187
hops: 1 latency: 0.679053
hops: 1 latency: 1.137057
hops: 1 latency: 0.533994
hops: 1 latency: 0.358316
hops: 1 latency: 0.347006
hops: 1 latency: 0.799816
hops: 1 latency: 0.565361
hops: 1 latency: 0.582835
hops: 1 latency: 0.571134
hops: 1 latency: 0.388094
hops: 1 latency: 0.597519
hops: 1 latency: 0.39538
hops: 1 latency: 0.592713
hops: 1 latency: 0.406067
hops: 1 latency: 0.530182
hops: 1 latency: 0.636374
hops: 1 latency: 0.3634
hops: 1 latency: 0.359001
hops: 1 latency: 0.337719
hops: 1 latency: 0.395223
hops: 1 latency: 0.730615
hops: 1 latency: 0.55296
hops: 1 latency: 0.356721
hops: 1 latency: 0.27762
hops: 1 latency: 0.569576
hops: 1 latency: 0.797085
hops: 1 latency: 0.443904
hops: 1 latency: 0.463954
hops: 1 latency: 0.625574
hops: 1 latency: 0.829266
hops: 1 latency: 0.593909
hops: 1 latency: 0.575479
hops: 1 latency: 0.617473
hops: 1 latency: 0.629676
hops: 1 latency: 0.745058
hops: 1 latency: 0.512491
hops: 1 latency: 0.598777
hops: 1 latency: 0.417628
hops: 1 latency: 0.661969
hops: 1 latency: 0.429428
hops: 1 latency: 0.560202
hops: 1 latency: 0.351145
hops: 1 latency: 0.533587
hops: 1 latency: 0.293771
hops: 1 latency: 0.73956
hops: 1 latency: 0.520373
hops: 1 latency: 0.516076
hops: 1 latency: 0.835731
hops: 1 latency: 1.309876
hops: 1 latency: 1.182557
hops: 1 latency: 0.678096
hops: 1 latency: 1.031534
hops: 1 latency: 0.602604
hops: 1 latency: 0.532827
hops: 1 latency: 0.543756
hops: 1 latency: 0.363187
hops: 1 latency: 0.515721
hops: 1 latency: 0.412313
hops: 1 latency: 0.401419
hops: 1 latency: 0.627568
hops: 1 latency: 0.391688
hops: 1 latency: 0.364452
hops: 1 latency: 0.596479
hops: 1 latency: 0.417136
hops: 1 latency: 0.605087
hops: 1 latency: 0.378792
hops: 1 latency: 0.42314
hops: 1 latency: 0.607131
hops: 1 latency: 0.515453
hops: 1 latency: 0.369805
hops: 1 latency: 0.476045
hops: 1 latency: 0.578128
hops: 1 latency: 0.34855
hops: 1 latency: 0.514675
hops: 1 latency: 0.523302
hops: 1 latency: 0.625924
hops: 1 latency: 0.397445
hops: 1 latency: 0.552969
hops: 1 latency: 0.363574
hops: 1 latency: 0.358425
hops: 1 latency: 0.457538
hops: 1 latency: 0.536931
hops: 1 latency: 0.383961
hops: 1 latency: 0.571407
hops: 1 latency: 0.566614
hops: 1 latency: 0.468987
hops: 1 latency: 0.419678
hops: 1 latency: 0.431965
hops: 1 latency: 0.598295
hops: 1 latency: 0.534253
hops: 1 latency: 0.35713
hops: 1 latency: 0.437993
hops: 1 latency: 0.606108
hops: 1 latency: 0.434374
hops: 1 latency: 0.510563
hops: 1 latency: 0.531685
hops: 1 latency: 0.363154
hops: 1 latency: 0.532498
hops: 1 latency: 0.498816
hops: 1 latency: 0.483327
hops: 1 latency: 0.521236
hops: 1 latency: 0.334653
hops: 1 latency: 0.324472
hops: 1 latency: 0.340822
hops: 1 latency: 0.332845
hops: 1 latency: 0.307251
hops: 1 latency: 0.549496
hops: 1 latency: 0.530806
hops: 1 latency: 0.501488
hops: 1 latency: 0.295903
hops: 1 latency: 0.401465
hops: 1 latency: 0.480047
hops: 1 latency: 0.351782
hops: 1 latency: 0.303058
hops: 1 latency: 0.53836
hops: 1 latency: 0.487128
hops: 1 latency: 0.540686
hops: 1 latency: 0.345456
hops: 1 latency: 0.565283
hops: 1 latency: 0.661937
hops: 1 latency: 0.349034
hops: 1 latency: 0.545576
hops: 1 latency: 0.472357
hops: 1 latency: 0.326241
hops: 1 latency: 0.312717
hops: 1 latency: 0.315805
hops: 1 latency: 0.354206
hops: 1 latency: 0.641909
hops: 1 latency: 0.683716
hops: 1 latency: 0.552773
hops: 1 latency: 0.528012
hops: 1 latency: 0.425861
hops: 1 latency: 0.313434
hops: 1 latency: 0.296422
hops: 1 latency: 0.546311
hops: 1 latency: 0.495363
hops: 1 latency: 3.398003
hops: 1 latency: 1.193097
hops: 1 latency: 1.055255
hops: 1 latency: 0.616584
hops: 1 latency: 0.55911
hops: 1 latency: 0.35224
hops: 1 latency: 0.345061
hops: 1 latency: 0.36232
hops: 1 latency: 0.47794
hops: 1 latency: 0.565194
hops: 1 latency: 0.529878
hops: 1 latency: 0.753931
hops: 1 latency: 0.654357
hops: 1 latency: 0.575642
hops: 1 latency: 0.382635
hops: 1 latency: 0.420072
hops: 1 latency: 0.708142
hops: 1 latency: 0.513648
hops: 1 latency: 0.35658
hops: 1 latency: 0.530925
hops: 1 latency: 0.389596
hops: 1 latency: 0.584615
hops: 1 latency: 0.687396
hops: 1 latency: 0.673179
hops: 1 latency: 0.82631
hops: 1 latency: 0.463452
hops: 1 latency: 0.688547
hops: 1 latency: 0.39626
hops: 1 latency: 0.709137
hops: 1 latency: 0.653731
hops: 1 latency: 0.473282
hops: 1 latency: 0.3727
hops: 1 latency: 0.6052
hops: 1 latency: 0.733213
hops: 1 latency: 0.379282
hops: 1 latency: 0.431002
hops: 1 latency: 0.63779
hops: 1 latency: 0.684369
hops: 1 latency: 0.669265
hops: 1 latency: 0.703774
hops: 1 latency: 0.438883
hops: 1 latency: 0.562758
hops: 1 latency: 0.508558
hops: 1 latency: 0.56491
hops: 1 latency: 0.587435
hops: 1 latency: 0.717431
hops: 1 latency: 0.637071
hops: 1 latency: 0.567887
hops: 1 latency: 0.575503
hops: 1 latency: 0.5632
hops: 1 latency: 0.439154
hops: 1 latency: 0.385294
hops: 1 latency: 0.405167
hops: 1 latency: 0.550063
hops: 1 latency: 0.307638
hops: 1 latency: 0.325043
hops: 1 latency: 0.342645
hops: 1 latency: 0.317305
hops: 1 latency: 0.434142
hops: 1 latency: 0.372382
hops: 1 latency: 0.588895
hops: 1 latency: 0.355691
hops: 1 latency: 0.333
hops: 1 latency: 0.315869
hops: 1 latency: 0.397899
hops: 1 latency: 0.772846
hops: 1 latency: 0.469895
hops: 1 latency: 0.399965
hops: 1 latency: 0.374362
hops: 1 latency: 0.588416
hops: 1 latency: 0.37868
hops: 1 latency: 0.371644
hops: 1 latency: 0.343058
hops: 1 latency: 0.533116
hops: 1 latency: 0.51773
hops: 1 latency: 0.47194
hops: 1 latency: 0.306188
hops: 1 latency: 0.371404
hops: 1 latency: 0.497989
hops: 1 latency: 0.55194
hops: 1 latency: 0.3624
hops: 1 latency: 0.445563
hops: 1 latency: 1.253149
hops: 1 latency: 0.657272
hops: 1 latency: 0.456609
hops: 1 latency: 0.292004
hops: 1 latency: 0.535908
hops: 1 latency: 0.561197
hops: 1 latency: 0.59043
hops: 1 latency: 0.681266
hops: 1 latency: 0.35769
hops: 1 latency: 0.586452
hops: 1 latency: 1.524019
hops: 1 latency: 0.339814
hops: 1 latency: 0.258013
hops: 1 latency: 0.325134
hops: 1 latency: 0.283015
hops: 1 latency: 0.488653
hops: 1 latency: 0.350139
hops: 1 latency: 0.435719
hops: 1 latency: 0.518583
hops: 1 latency: 0.614983
hops: 1 latency: 0.616659
hops: 1 latency: 0.551835
hops: 1 latency: 0.355678
hops: 1 latency: 0.569986
hops: 1 latency: 0.80187
hops: 1 latency: 0.523424
hops: 1 latency: 0.462525
hops: 1 latency: 0.43063
hops: 1 latency: 0.419278
hops: 1 latency: 0.342716
hops: 1 latency: 0.605595
hops: 1 latency: 0.39626
hops: 1 latency: 0.429823
hops: 1 latency: 0.710296
hops: 1 latency: 0.643536
hops: 1 latency: 0.737085
hops: 1 latency: 0.404744
hops: 1 latency: 0.41012
hops: 1 latency: 0.427868
hops: 1 latency: 0.664803
hops: 1 latency: 0.60983
hops: 1 latency: 0.428811
hops: 1 latency: 0.378676
hops: 1 latency: 0.385357
hops: 1 latency: 0.421365
hops: 1 latency: 0.585197
hops: 1 latency: 0.400169
hops: 1 latency: 0.400654
hops: 1 latency: 0.594848
hops: 1 latency: 0.406045
hops: 1 latency: 0.447194
hops: 1 latency: 0.345263
hops: 1 latency: 0.375195
hops: 1 latency: 0.320947
hops: 1 latency: 0.559368
hops: 1 latency: 0.599457
hops: 1 latency: 0.773915
hops: 1 latency: 0.559419
hops: 1 latency: 0.571288
hops: 1 latency: 0.387852
hops: 1 latency: 0.333753
hops: 1 latency: 0.595554
hops: 1 latency: 0.595384
hops: 1 latency: 0.350533
hops: 1 latency: 0.56975
hops: 1 latency: 0.619699
hops: 1 latency: 0.315747
hops: 1 latency: 0.663823
hops: 1 latency: 0.459202
hops: 1 latency: 0.330415
hops: 1 latency: 0.564365
hops: 1 latency: 0.422438
hops: 1 latency: 0.543392
hops: 1 latency: 0.43658
hops: 1 latency: 0.711461
hops: 1 latency: 0.403314
hops: 1 latency: 0.268964
hops: 1 latency: 0.382007
hops: 1 latency: 0.70875
hops: 1 latency: 0.571224
hops: 1 latency: 0.447152
hops: 1 latency: 1.351254
hops: 1 latency: 0.304893
hops: 1 latency: 0.302987
hops: 1 latency: 0.251529
hops: 1 latency: 0.486902
hops: 1 latency: 0.541046
hops: 1 latency: 0.603195
hops: 1 latency: 0.399691
hops: 1 latency: 0.492368
hops: 1 latency: 0.567076
hops: 1 latency: 0.668233
hops: 1 latency: 0.526087
hops: 1 latency: 0.615296
hops: 1 latency: 0.335429
hops: 1 latency: 0.54606
hops: 1 latency: 0.568399
hops: 1 latency: 1.133808
hops: 1 latency: 0.818492
hops: 1 latency: 0.396498
hops: 1 latency: 0.59119
hops: 1 latency: 0.708384
hops: 1 latency: 0.361842
hops: 1 latency: 0.403953
hops: 1 latency: 0.323818
hops: 1 latency: 0.350659
hops: 1 latency: 0.383647
hops: 1 latency: 0.591019
hops: 1 latency: 0.546531
hops: 1 latency: 0.329111
hops: 1 latency: 0.344839
hops: 1 latency: 0.373776
hops: 1 latency: 0.454961
hops: 1 latency: 0.366641
hops: 1 latency: 0.371535
hops: 1 latency: 0.48354
hops: 1 latency: 0.690136
hops: 1 latency: 0.711593
hops: 1 latency: 0.433966
hops: 1 latency: 0.618891
hops: 1 latency: 0.331464
hops: 1 latency: 0.550516
hops: 1 latency: 0.649278
hops: 1 latency: 0.387674
hops: 1 latency: 0.278258
hops: 1 latency: 0.567728
hops: 1 latency: 0.409113
hops: 1 latency: 0.297999
hops: 1 latency: 0.498684
hops: 1 latency: 0.36055
hops: 1 latency: 0.581353
hops: 1 latency: 0.530128
hops: 1 latency: 0.543055
hops: 1 latency: 0.550824
hops: 1 latency: 0.77644
hops: 1 latency: 0.341712
hops: 1 latency: 0.269434
hops: 1 latency: 0.540193
hops: 1 latency: 0.553649
hops: 1 latency: 0.484778
hops: 1 latency: 0.491759
hops: 1 latency: 0.425935
hops: 1 latency: 0.480832
hops: 1 latency: 0.396391
hops: 1 latency: 0.567488
hops: 1 latency: 0.351063
hops: 1 latency: 0.349681
hops: 1 latency: 0.640816
hops: 1 latency: 0.451626
hops: 1 latency: 0.380831
hops: 1 latency: 0.726961
hops: 1 latency: 0.698486
hops: 1 latency: 0.846986
hops: 1 latency: 0.517555
hops: 1 latency: 0.526336
hops: 1 latency: 0.636224
hops: 1 latency: 0.545135
hops: 1 latency: 0.636841
hops: 1 latency: 0.633512
hops: 1 latency: 0.642315
hops: 1 latency: 0.657212
hops: 1 latency: 0.46621
hops: 1 latency: 0.623636
hops: 1 latency: 0.389391
hops: 1 latency: 0.368066
hops: 1 latency: 0.52382
hops: 1 latency: 0.422111
hops: 1 latency: 0.817366
hops: 1 latency: 1.069862
hops: 1 latency: 0.867397
hops: 1 latency: 0.538524
hops: 1 latency: 0.642887
hops: 1 latency: 1.081395
hops: 1 latency: 0.822689
hops: 1 latency: 0.351811
hops: 1 latency: 0.337197
hops: 1 latency: 0.372164
hops: 1 latency: 0.625625
hops: 1 latency: 0.331466
hops: 1 latency: 0.647869
hops: 1 latency: 0.518471
hops: 1 latency: 0.321669
hops: 1 latency: 0.401621
hops: 1 latency: 0.466047
hops: 1 latency: 0.625777
hops: 1 latency: 0.315048
hops: 1 latency: 0.544902
hops: 1 latency: 0.60572
hops: 1 latency: 0.55617
hops: 1 latency: 1.629522
hops: 1 latency: 0.709626
hops: 1 latency: 0.786059
hops: 1 latency: 0.447783
hops: 1 latency: 0.546825
hops: 1 latency: 0.605974
hops: 1 latency: 0.670336
hops: 1 latency: 0.642266
hops: 1 latency: 0.846219
hops: 1 latency: 0.363975
hops: 1 latency: 0.315158
hops: 1 latency: 0.370581
hops: 1 latency: 0.555899
hops: 1 latency: 0.619614
hops: 1 latency: 0.561834
hops: 1 latency: 0.606634
hops: 1 latency: 0.533596
hops: 1 latency: 0.346118
hops: 1 latency: 0.515126
hops: 1 latency: 0.579494
hops: 1 latency: 0.352856
hops: 1 latency: 0.62624
hops: 1 latency: 0.391817
hops: 1 latency: 0.34625
hops: 1 latency: 0.325724
hops: 1 latency: 0.693654
hops: 1 latency: 0.308845
hops: 1 latency: 0.317632
hops: 1 latency: 0.422746
hops: 1 latency: 0.328277
hops: 1 latency: 0.572096
hops: 1 latency: 0.303571
hops: 1 latency: 0.313013
hops: 1 latency: 0.481853
hops: 1 latency: 0.317754
hops: 1 latency: 0.602937
hops: 1 latency: 0.53314
hops: 1 latency: 0.517194
hops: 1 latency: 0.423518
hops: 1 latency: 0.667263
hops: 1 latency: 0.40381
hops: 1 latency: 0.330508
hops: 1 latency: 0.395526
hops: 1 latency: 0.359165
hops: 1 latency: 0.381174
hops: 1 latency: 0.419329
hops: 1 latency: 0.493523
hops: 1 latency: 0.32406
hops: 1 latency: 0.534565
hops: 1 latency: 0.375774
hops: 1 latency: 2.02618
hops: 1 latency: 0.387645
hops: 1 latency: 0.321166
hops: 1 latency: 0.340172
hops: 1 latency: 0.512329
hops: 1 latency: 0.357046
hops: 1 latency: 0.690056
hops: 1 latency: 0.351206
hops: 1 latency: 0.349035
hops: 1 latency: 0.547333
hops: 1 latency: 0.55181
hops: 1 latency: 0.458643
hops: 1 latency: 0.723897
hops: 1 latency: 0.367074
hops: 1 latency: 0.420881
hops: 1 latency: 0.284875
hops: 1 latency: 0.525062
hops: 1 latency: 0.77026
hops: 1 latency: 0.415435
hops: 1 latency: 0.368213
hops: 1 latency: 0.506498
hops: 1 latency: 0.376105
hops: 1 latency: 0.626765
hops: 1 latency: 0.724014
hops: 1 latency: 0.266142
hops: 1 latency: 0.508909
hops: 1 latency: 0.370682
hops: 1 latency: 0.36749
hops: 1 latency: 0.307168
hops: 1 latency: 0.514437
hops: 1 latency: 0.34008
hops: 1 latency: 0.515146
hops: 1 latency: 0.277316
hops: 1 latency: 0.881291
hops: 1 latency: 0.590531
hops: 1 latency: 0.528276
hops: 1 latency: 0.624242
hops: 1 latency: 0.556106
hops: 1 latency: 0.762577
hops: 1 latency: 1.036524
hops: 1 latency: 0.505813
hops: 1 latency: 0.572374
hops: 1 latency: 2.030114
hops: 1 latency: 0.540203
hops: 1 latency: 0.54361
hops: 1 latency: 0.507118
hops: 1 latency: 0.532718
hops: 1 latency: 0.349568
hops: 1 latency: 0.602492
hops: 1 latency: 0.586609
hops: 1 latency: 0.312135
hops: 1 latency: 0.607281
hops: 1 latency: 0.597058
hops: 1 latency: 0.330675
hops: 1 latency: 0.322725
hops: 1 latency: 0.564656
hops: 1 latency: 0.75366
hops: 1 latency: 0.478684
hops: 1 latency: 0.52114
hops: 1 latency: 1.011037
hops: 1 latency: 0.648269
hops: 1 latency: 0.571405
hops: 1 latency: 0.333103
hops: 1 latency: 0.458859
hops: 1 latency: 0.578925
hops: 1 latency: 0.654423
hops: 1 latency: 0.830904
hops: 1 latency: 1.363837
hops: 1 latency: 1.797911
hops: 1 latency: 0.681142
hops: 1 latency: 0.409582
hops: 1 latency: 0.329802
hops: 1 latency: 0.305871
hops: 1 latency: 0.527202
hops: 1 latency: 0.658874
hops: 1 latency: 0.692491
hops: 1 latency: 0.956183
hops: 1 latency: 0.476505
hops: 1 latency: 0.496719
hops: 1 latency: 1.112671
hops: 1 latency: 0.470405
hops: 1 latency: 0.63644
hops: 1 latency: 1.000799
hops: 1 latency: 0.301523
hops: 1 latency: 0.493761
hops: 1 latency: 0.348961
hops: 1 latency: 0.49596
hops: 1 latency: 0.340653
hops: 1 latency: 0.594679
hops: 1 latency: 0.613696
hops: 1 latency: 0.340812
hops: 1 latency: 0.428744
hops: 1 latency: 0.52337
hops: 1 latency: 0.461436
hops: 1 latency: 0.29809
hops: 1 latency: 0.3384
hops: 1 latency: 0.289598
hops: 1 latency: 0.467853
hops: 1 latency: 0.547964
hops: 1 latency: 0.284228
hops: 1 latency: 0.263773
hops: 1 latency: 0.286338
hops: 1 latency: 0.442587
hops: 1 latency: 0.307754
hops: 1 latency: 0.25561
hops: 1 latency: 0.490049
hops: 1 latency: 0.505327
hops: 1 latency: 0.387381
hops: 1 latency: 0.826979
hops: 1 latency: 0.692341
hops: 1 latency: 0.367204
hops: 1 latency: 0.894099
hops: 1 latency: 0.788874
hops: 1 latency: 0.615597
hops: 1 latency: 0.364647
hops: 1 latency: 0.369656
hops: 1 latency: 0.579728
hops: 1 latency: 0.527258
hops: 1 latency: 0.608506
hops: 1 latency: 0.470697
hops: 1 latency: 0.696099
hops: 1 latency: 0.718167
hops: 1 latency: 0.384708
hops: 1 latency: 0.442824
hops: 1 latency: 0.52908
hops: 1 latency: 0.510871
hops: 1 latency: 0.355327
hops: 1 latency: 0.598073
hops: 1 latency: 0.396872
hops: 1 latency: 0.337774
hops: 1 latency: 0.299269
hops: 1 latency: 0.32651
hops: 1 latency: 0.355678
hops: 1 latency: 0.34471
hops: 1 latency: 0.59427
hops: 1 latency: 2.3878
hops: 1 latency: 0.529181
hops: 1 latency: 0.548369
hops: 1 latency: 0.684655
hops: 1 latency: 0.672604
hops: 1 latency: 0.672434
hops: 1 latency: 0.529391
hops: 1 latency: 0.651739
hops: 1 latency: 0.977717
hops: 1 latency: 0.67614
PASS
ok  	chord	42.174s
