finished launching servers
id: [198 112 124 120 29 180 250 229 2 182 43 167 8 4 170 97 77 254 202 41] ip: 127.0.0.1:18818
Finger table:
ith | start | successor
0   | 1132888698882182538432002443852268510526463461930     | [199 101 13 134 237 89 159 49 92 123 85 249 249 95 192 61 60 85 112 131]
1   | 1132888698882182538432002443852268510526463461931     | [199 101 13 134 237 89 159 49 92 123 85 249 249 95 192 61 60 85 112 131]
2   | 1132888698882182538432002443852268510526463461933     | [199 101 13 134 237 89 159 49 92 123 85 249 249 95 192 61 60 85 112 131]
3   | 1132888698882182538432002443852268510526463461937     | [199 101 13 134 237 89 159 49 92 123 85 249 249 95 192 61 60 85 112 131]
4   | 1132888698882182538432002443852268510526463461945     | [199 101 13 134 237 89 159 49 92 123 85 249 249 95 192 61 60 85 112 131]
5   | 1132888698882182538432002443852268510526463461961     | [199 101 13 134 237 89 159 49 92 123 85 249 249 95 192 61 60 85 112 131]
6   | 1132888698882182538432002443852268510526463461993     | [199 101 13 134 237 89 159 49 92 123 85 249 249 95 192 61 60 85 112 131]
7   | 1132888698882182538432002443852268510526463462057     | [199 101 13 134 237 89 159 49 92 123 85 249 249 95 192 61 60 85 112 131]
8   | 1132888698882182538432002443852268510526463462185     | [199 101 13 134 237 89 159 49 92 123 85 249 249 95 192 61 60 85 112 131]
9   | 1132888698882182538432002443852268510526463462441     | [199 101 13 134 237 89 159 49 92 123 85 249 249 95 192 61 60 85 112 131]
10   | 1132888698882182538432002443852268510526463462953     | [199 101 13 134 237 89 159 49 92 123 85 249 249 95 192 61 60 85 112 131]
11   | 1132888698882182538432002443852268510526463463977     | [199 101 13 134 237 89 159 49 92 123 85 249 249 95 192 61 60 85 112 131]
12   | 1132888698882182538432002443852268510526463466025     | [199 101 13 134 237 89 159 49 92 123 85 249 249 95 192 61 60 85 112 131]
13   | 1132888698882182538432002443852268510526463470121     | [199 101 13 134 237 89 159 49 92 123 85 249 249 95 192 61 60 85 112 131]
14   | 1132888698882182538432002443852268510526463478313     | [199 101 13 134 237 89 159 49 92 123 85 249 249 95 192 61 60 85 112 131]
15   | 1132888698882182538432002443852268510526463494697     | [199 101 13 134 237 89 159 49 92 123 85 249 249 95 192 61 60 85 112 131]
16   | 1132888698882182538432002443852268510526463527465     | [199 101 13 134 237 89 159 49 92 123 85 249 249 95 192 61 60 85 112 131]
17   | 1132888698882182538432002443852268510526463593001     | [199 101 13 134 237 89 159 49 92 123 85 249 249 95 192 61 60 85 112 131]
18   | 1132888698882182538432002443852268510526463724073     | [199 101 13 134 237 89 159 49 92 123 85 249 249 95 192 61 60 85 112 131]
19   | 1132888698882182538432002443852268510526463986217     | [199 101 13 134 237 89 159 49 92 123 85 249 249 95 192 61 60 85 112 131]
20   | 1132888698882182538432002443852268510526464510505     | [199 101 13 134 237 89 159 49 92 123 85 249 249 95 192 61 60 85 112 131]
21   | 1132888698882182538432002443852268510526465559081     | [199 101 13 134 237 89 159 49 92 123 85 249 249 95 192 61 60 85 112 131]
22   | 1132888698882182538432002443852268510526467656233     | [199 101 13 134 237 89 159 49 92 123 85 249 249 95 192 61 60 85 112 131]
23   | 1132888698882182538432002443852268510526471850537     | [199 101 13 134 237 89 159 49 92 123 85 249 249 95 192 61 60 85 112 131]
24   | 1132888698882182538432002443852268510526480239145     | [199 101 13 134 237 89 159 49 92 123 85 249 249 95 192 61 60 85 112 131]
25   | 1132888698882182538432002443852268510526497016361     | [199 101 13 134 237 89 159 49 92 123 85 249 249 95 192 61 60 85 112 131]
26   | 1132888698882182538432002443852268510526530570793     | [199 101 13 134 237 89 159 49 92 123 85 249 249 95 192 61 60 85 112 131]
27   | 1132888698882182538432002443852268510526597679657     | [199 101 13 134 237 89 159 49 92 123 85 249 249 95 192 61 60 85 112 131]
28   | 1132888698882182538432002443852268510526731897385     | [199 101 13 134 237 89 159 49 92 123 85 249 249 95 192 61 60 85 112 131]
29   | 1132888698882182538432002443852268510527000332841     | [199 101 13 134 237 89 159 49 92 123 85 249 249 95 192 61 60 85 112 131]
30   | 1132888698882182538432002443852268510527537203753     | [199 101 13 134 237 89 159 49 92 123 85 249 249 95 192 61 60 85 112 131]
31   | 1132888698882182538432002443852268510528610945577     | [199 101 13 134 237 89 159 49 92 123 85 249 249 95 192 61 60 85 112 131]
32   | 1132888698882182538432002443852268510530758429225     | [199 101 13 134 237 89 159 49 92 123 85 249 249 95 192 61 60 85 112 131]
33   | 1132888698882182538432002443852268510535053396521     | [199 101 13 134 237 89 159 49 92 123 85 249 249 95 192 61 60 85 112 131]
34   | 1132888698882182538432002443852268510543643331113     | [199 101 13 134 237 89 159 49 92 123 85 249 249 95 192 61 60 85 112 131]
35   | 1132888698882182538432002443852268510560823200297     | [199 101 13 134 237 89 159 49 92 123 85 249 249 95 192 61 60 85 112 131]
36   | 1132888698882182538432002443852268510595182938665     | [199 101 13 134 237 89 159 49 92 123 85 249 249 95 192 61 60 85 112 131]
37   | 1132888698882182538432002443852268510663902415401     | [199 101 13 134 237 89 159 49 92 123 85 249 249 95 192 61 60 85 112 131]
38   | 1132888698882182538432002443852268510801341368873     | [199 101 13 134 237 89 159 49 92 123 85 249 249 95 192 61 60 85 112 131]
39   | 1132888698882182538432002443852268511076219275817     | [199 101 13 134 237 89 159 49 92 123 85 249 249 95 192 61 60 85 112 131]
40   | 1132888698882182538432002443852268511625975089705     | [199 101 13 134 237 89 159 49 92 123 85 249 249 95 192 61 60 85 112 131]
41   | 1132888698882182538432002443852268512725486717481     | [199 101 13 134 237 89 159 49 92 123 85 249 249 95 192 61 60 85 112 131]
42   | 1132888698882182538432002443852268514924509973033     | [199 101 13 134 237 89 159 49 92 123 85 249 249 95 192 61 60 85 112 131]
43   | 1132888698882182538432002443852268519322556484137     | [199 101 13 134 237 89 159 49 92 123 85 249 249 95 192 61 60 85 112 131]
44   | 1132888698882182538432002443852268528118649506345     | [199 101 13 134 237 89 159 49 92 123 85 249 249 95 192 61 60 85 112 131]
45   | 1132888698882182538432002443852268545710835550761     | [199 101 13 134 237 89 159 49 92 123 85 249 249 95 192 61 60 85 112 131]
46   | 1132888698882182538432002443852268580895207639593     | [199 101 13 134 237 89 159 49 92 123 85 249 249 95 192 61 60 85 112 131]
47   | 1132888698882182538432002443852268651263951817257     | [199 101 13 134 237 89 159 49 92 123 85 249 249 95 192 61 60 85 112 131]
48   | 1132888698882182538432002443852268792001440172585     | [199 101 13 134 237 89 159 49 92 123 85 249 249 95 192 61 60 85 112 131]
49   | 1132888698882182538432002443852269073476416883241     | [199 101 13 134 237 89 159 49 92 123 85 249 249 95 192 61 60 85 112 131]
50   | 1132888698882182538432002443852269636426370304553     | [199 101 13 134 237 89 159 49 92 123 85 249 249 95 192 61 60 85 112 131]
51   | 1132888698882182538432002443852270762326277147177     | [199 101 13 134 237 89 159 49 92 123 85 249 249 95 192 61 60 85 112 131]
52   | 1132888698882182538432002443852273014126090832425     | [199 101 13 134 237 89 159 49 92 123 85 249 249 95 192 61 60 85 112 131]
53   | 1132888698882182538432002443852277517725718202921     | [199 101 13 134 237 89 159 49 92 123 85 249 249 95 192 61 60 85 112 131]
54   | 1132888698882182538432002443852286524924972943913     | [199 101 13 134 237 89 159 49 92 123 85 249 249 95 192 61 60 85 112 131]
55   | 1132888698882182538432002443852304539323482425897     | [199 101 13 134 237 89 159 49 92 123 85 249 249 95 192 61 60 85 112 131]
56   | 1132888698882182538432002443852340568120501389865     | [199 101 13 134 237 89 159 49 92 123 85 249 249 95 192 61 60 85 112 131]
57   | 1132888698882182538432002443852412625714539317801     | [199 101 13 134 237 89 159 49 92 123 85 249 249 95 192 61 60 85 112 131]
58   | 1132888698882182538432002443852556740902615173673     | [199 101 13 134 237 89 159 49 92 123 85 249 249 95 192 61 60 85 112 131]
59   | 1132888698882182538432002443852844971278766885417     | [199 101 13 134 237 89 159 49 92 123 85 249 249 95 192 61 60 85 112 131]
60   | 1132888698882182538432002443853421432031070308905     | [199 101 13 134 237 89 159 49 92 123 85 249 249 95 192 61 60 85 112 131]
61   | 1132888698882182538432002443854574353535677155881     | [199 101 13 134 237 89 159 49 92 123 85 249 249 95 192 61 60 85 112 131]
62   | 1132888698882182538432002443856880196544890849833     | [199 101 13 134 237 89 159 49 92 123 85 249 249 95 192 61 60 85 112 131]
63   | 1132888698882182538432002443861491882563318237737     | [199 101 13 134 237 89 159 49 92 123 85 249 249 95 192 61 60 85 112 131]
64   | 1132888698882182538432002443870715254600173013545     | [199 101 13 134 237 89 159 49 92 123 85 249 249 95 192 61 60 85 112 131]
65   | 1132888698882182538432002443889161998673882565161     | [199 101 13 134 237 89 159 49 92 123 85 249 249 95 192 61 60 85 112 131]
66   | 1132888698882182538432002443926055486821301668393     | [199 101 13 134 237 89 159 49 92 123 85 249 249 95 192 61 60 85 112 131]
67   | 1132888698882182538432002443999842463116139874857     | [199 101 13 134 237 89 159 49 92 123 85 249 249 95 192 61 60 85 112 131]
68   | 1132888698882182538432002444147416415705816287785     | [199 101 13 134 237 89 159 49 92 123 85 249 249 95 192 61 60 85 112 131]
69   | 1132888698882182538432002444442564320885169113641     | [199 101 13 134 237 89 159 49 92 123 85 249 249 95 192 61 60 85 112 131]
70   | 1132888698882182538432002445032860131243874765353     | [199 101 13 134 237 89 159 49 92 123 85 249 249 95 192 61 60 85 112 131]
71   | 1132888698882182538432002446213451751961286068777     | [199 101 13 134 237 89 159 49 92 123 85 249 249 95 192 61 60 85 112 131]
72   | 1132888698882182538432002448574634993396108675625     | [199 101 13 134 237 89 159 49 92 123 85 249 249 95 192 61 60 85 112 131]
73   | 1132888698882182538432002453297001476265753889321     | [199 101 13 134 237 89 159 49 92 123 85 249 249 95 192 61 60 85 112 131]
74   | 1132888698882182538432002462741734442005044316713     | [199 101 13 134 237 89 159 49 92 123 85 249 249 95 192 61 60 85 112 131]
75   | 1132888698882182538432002481631200373483625171497     | [199 101 13 134 237 89 159 49 92 123 85 249 249 95 192 61 60 85 112 131]
76   | 1132888698882182538432002519410132236440786881065     | [199 101 13 134 237 89 159 49 92 123 85 249 249 95 192 61 60 85 112 131]
77   | 1132888698882182538432002594967995962355110300201     | [199 101 13 134 237 89 159 49 92 123 85 249 249 95 192 61 60 85 112 131]
78   | 1132888698882182538432002746083723414183757138473     | [199 101 13 134 237 89 159 49 92 123 85 249 249 95 192 61 60 85 112 131]
79   | 1132888698882182538432003048315178317841050815017     | [199 101 13 134 237 89 159 49 92 123 85 249 249 95 192 61 60 85 112 131]
80   | 1132888698882182538432003652778088125155638168105     | [199 101 13 134 237 89 159 49 92 123 85 249 249 95 192 61 60 85 112 131]
81   | 1132888698882182538432004861703907739784812874281     | [199 101 13 134 237 89 159 49 92 123 85 249 249 95 192 61 60 85 112 131]
82   | 1132888698882182538432007279555546969043162286633     | [199 101 13 134 237 89 159 49 92 123 85 249 249 95 192 61 60 85 112 131]
83   | 1132888698882182538432012115258825427559861111337     | [199 101 13 134 237 89 159 49 92 123 85 249 249 95 192 61 60 85 112 131]
84   | 1132888698882182538432021786665382344593258760745     | [199 101 13 134 237 89 159 49 92 123 85 249 249 95 192 61 60 85 112 131]
85   | 1132888698882182538432041129478496178660054059561     | [199 101 13 134 237 89 159 49 92 123 85 249 249 95 192 61 60 85 112 131]
86   | 1132888698882182538432079815104723846793644657193     | [199 101 13 134 237 89 159 49 92 123 85 249 249 95 192 61 60 85 112 131]
87   | 1132888698882182538432157186357179183060825852457     | [199 101 13 134 237 89 159 49 92 123 85 249 249 95 192 61 60 85 112 131]
88   | 1132888698882182538432311928862089855595188242985     | [199 101 13 134 237 89 159 49 92 123 85 249 249 95 192 61 60 85 112 131]
89   | 1132888698882182538432621413871911200663913024041     | [199 101 13 134 237 89 159 49 92 123 85 249 249 95 192 61 60 85 112 131]
90   | 1132888698882182538433240383891553890801362586153     | [199 101 13 134 237 89 159 49 92 123 85 249 249 95 192 61 60 85 112 131]
91   | 1132888698882182538434478323930839271076261710377     | [199 101 13 134 237 89 159 49 92 123 85 249 249 95 192 61 60 85 112 131]
92   | 1132888698882182538436954204009410031626059958825     | [199 101 13 134 237 89 159 49 92 123 85 249 249 95 192 61 60 85 112 131]
93   | 1132888698882182538441905964166551552725656455721     | [199 101 13 134 237 89 159 49 92 123 85 249 249 95 192 61 60 85 112 131]
94   | 1132888698882182538451809484480834594924849449513     | [199 101 13 134 237 89 159 49 92 123 85 249 249 95 192 61 60 85 112 131]
95   | 1132888698882182538471616525109400679323235437097     | [199 101 13 134 237 89 159 49 92 123 85 249 249 95 192 61 60 85 112 131]
96   | 1132888698882182538511230606366532848120007412265     | [199 101 13 134 237 89 159 49 92 123 85 249 249 95 192 61 60 85 112 131]
97   | 1132888698882182538590458768880797185713551362601     | [199 101 13 134 237 89 159 49 92 123 85 249 249 95 192 61 60 85 112 131]
98   | 1132888698882182538748915093909325860900639263273     | [199 101 13 134 237 89 159 49 92 123 85 249 249 95 192 61 60 85 112 131]
99   | 1132888698882182539065827743966383211274815064617     | [199 101 13 134 237 89 159 49 92 123 85 249 249 95 192 61 60 85 112 131]
100   | 1132888698882182539699653044080497912023166667305     | [199 101 13 134 237 89 159 49 92 123 85 249 249 95 192 61 60 85 112 131]
101   | 1132888698882182540967303644308727313519869872681     | [199 101 13 134 237 89 159 49 92 123 85 249 249 95 192 61 60 85 112 131]
102   | 1132888698882182543502604844765186116513276283433     | [199 101 13 134 237 89 159 49 92 123 85 249 249 95 192 61 60 85 112 131]
103   | 1132888698882182548573207245678103722500089104937     | [199 101 13 134 237 89 159 49 92 123 85 249 249 95 192 61 60 85 112 131]
104   | 1132888698882182558714412047503938934473714747945     | [199 101 13 134 237 89 159 49 92 123 85 249 249 95 192 61 60 85 112 131]
105   | 1132888698882182578996821651155609358420966033961     | [199 101 13 134 237 89 159 49 92 123 85 249 249 95 192 61 60 85 112 131]
106   | 1132888698882182619561640858458950206315468605993     | [199 101 13 134 237 89 159 49 92 123 85 249 249 95 192 61 60 85 112 131]
107   | 1132888698882182700691279273065631902104473750057     | [199 101 13 134 237 89 159 49 92 123 85 249 249 95 192 61 60 85 112 131]
108   | 1132888698882182862950556102278995293682484038185     | [199 101 13 134 237 89 159 49 92 123 85 249 249 95 192 61 60 85 112 131]
109   | 1132888698882183187469109760705722076838504614441     | [199 101 13 134 237 89 159 49 92 123 85 249 249 95 192 61 60 85 112 131]
110   | 1132888698882183836506217077559175643150545766953     | [199 101 13 134 237 89 159 49 92 123 85 249 249 95 192 61 60 85 112 131]
111   | 1132888698882185134580431711266082775774628071977     | [199 101 13 134 237 89 159 49 92 123 85 249 249 95 192 61 60 85 112 131]
112   | 1132888698882187730728860978679897041022792682025     | [199 101 13 134 237 89 159 49 92 123 85 249 249 95 192 61 60 85 112 131]
113   | 1132888698882192923025719513507525571519121902121     | [199 101 13 134 237 89 159 49 92 123 85 249 249 95 192 61 60 85 112 131]
114   | 1132888698882203307619436583162782632511780342313     | [199 101 13 134 237 89 159 49 92 123 85 249 249 95 192 61 60 85 112 131]
115   | 1132888698882224076806870722473296754497097222697     | [199 101 13 134 237 89 159 49 92 123 85 249 249 95 192 61 60 85 112 131]
116   | 1132888698882265615181739001094324998467730983465     | [199 101 13 134 237 89 159 49 92 123 85 249 249 95 192 61 60 85 112 131]
117   | 1132888698882348691931475558336381486408998505001     | [199 101 13 134 237 89 159 49 92 123 85 249 249 95 192 61 60 85 112 131]
118   | 1132888698882514845430948672820494462291533548073     | [199 101 13 134 237 89 159 49 92 123 85 249 249 95 192 61 60 85 112 131]
119   | 1132888698882847152429894901788720414056603634217     | [199 101 13 134 237 89 159 49 92 123 85 249 249 95 192 61 60 85 112 131]
120   | 1132888698883511766427787359725172317586743806505     | [199 101 13 134 237 89 159 49 92 123 85 249 249 95 192 61 60 85 112 131]
121   | 1132888698884840994423572275598076124647024151081     | [199 101 13 134 237 89 159 49 92 123 85 249 249 95 192 61 60 85 112 131]
122   | 1132888698887499450415142107343883738767584840233     | [199 101 13 134 237 89 159 49 92 123 85 249 249 95 192 61 60 85 112 131]
123   | 1132888698892816362398281770835498967008706218537     | [199 101 13 134 237 89 159 49 92 123 85 249 249 95 192 61 60 85 112 131]
124   | 1132888698903450186364561097818729423490948975145     | [199 101 13 134 237 89 159 49 92 123 85 249 249 95 192 61 60 85 112 131]
125   | 1132888698924717834297119751785190336455434488361     | [199 101 13 134 237 89 159 49 92 123 85 249 249 95 192 61 60 85 112 131]
126   | 1132888698967253130162237059718112162384405514793     | [199 101 13 134 237 89 159 49 92 123 85 249 249 95 192 61 60 85 112 131]
127   | 1132888699052323721892471675583955814242347567657     | [199 101 13 134 237 89 159 49 92 123 85 249 249 95 192 61 60 85 112 131]
128   | 1132888699222464905352940907315643117958231673385     | [199 101 13 134 237 89 159 49 92 123 85 249 249 95 192 61 60 85 112 131]
129   | 1132888699562747272273879370779017725389999884841     | [199 101 13 134 237 89 159 49 92 123 85 249 249 95 192 61 60 85 112 131]
130   | 1132888700243312006115756297705766940253536307753     | [199 101 13 134 237 89 159 49 92 123 85 249 249 95 192 61 60 85 112 131]
131   | 1132888701604441473799510151559265369980609153577     | [199 101 13 134 237 89 159 49 92 123 85 249 249 95 192 61 60 85 112 131]
132   | 1132888704326700409167017859266262229434754845225     | [199 101 13 134 237 89 159 49 92 123 85 249 249 95 192 61 60 85 112 131]
133   | 1132888709771218279902033274680255948343046228521     | [199 101 13 134 237 89 159 49 92 123 85 249 249 95 192 61 60 85 112 131]
134   | 1132888720660254021372064105508243386159628995113     | [199 101 13 134 237 89 159 49 92 123 85 249 249 95 192 61 60 85 112 131]
135   | 1132888742438325504312125767164218261792794528297     | [199 101 13 134 237 89 159 49 92 123 85 249 249 95 192 61 60 85 112 131]
136   | 1132888785994468470192249090476168013059125594665     | [199 101 13 134 237 89 159 49 92 123 85 249 249 95 192 61 60 85 112 131]
137   | 1132888873106754401952495737100067515591787727401     | [199 101 13 134 237 89 159 49 92 123 85 249 249 95 192 61 60 85 112 131]
138   | 1132889047331326265472989030347866520657111992873     | [199 101 13 134 237 89 159 49 92 123 85 249 249 95 192 61 60 85 112 131]
139   | 1132889395780469992513975616843464530787760523817     | [199 101 13 134 237 89 159 49 92 123 85 249 249 95 192 61 60 85 112 131]
140   | 1132890092678757446595948789834660551049057585705     | [199 101 13 134 237 89 159 49 92 123 85 249 249 95 192 61 60 85 112 131]
141   | 1132891486475332354759895135817052591571651709481     | [199 101 13 134 237 89 159 49 92 123 85 249 249 95 192 61 60 85 112 131]
142   | 1132894274068482171087787827781836672616839957033     | [199 101 13 134 237 89 159 49 92 123 85 249 249 95 192 61 60 85 112 131]
143   | 1132899849254781803743573211711404834707216452137     | [199 101 13 134 237 89 159 49 92 123 85 249 249 95 192 61 60 85 112 131]
144   | 1132910999627381069055143979570541158887969442345     | [199 101 13 134 237 89 159 49 92 123 85 249 249 95 192 61 60 85 112 131]
145   | 1132933300372579599678285515288813807249475422761     | [199 101 13 134 237 89 159 49 92 123 85 249 249 95 192 61 60 85 112 131]
146   | 1132977901862976660924568586725359103972487383593     | [199 101 13 134 237 89 159 49 92 123 85 249 249 95 192 61 60 85 112 131]
147   | 1133067104843770783417134729598449697418511305257     | [199 101 13 134 237 89 159 49 92 123 85 249 249 95 192 61 60 85 112 131]
148   | 1133245510805359028402267015344630884310559148585     | [199 101 13 134 237 89 159 49 92 123 85 249 249 95 192 61 60 85 112 131]
149   | 1133602322728535518372531586836993258094654835241     | [199 101 13 134 237 89 159 49 92 123 85 249 249 95 192 61 60 85 112 131]
150   | 1134315946574888498313060729821718005662846208553     | [199 101 13 134 237 89 159 49 92 123 85 249 249 95 192 61 60 85 112 131]
151   | 1135743194267594458194119015791167500799228955177     | [199 101 13 134 237 89 159 49 92 123 85 249 249 95 192 61 60 85 112 131]
152   | 1138597689653006377956235587730066491071994448425     | [202 65 87 140 128 16 240 123 100 35 46 119 136 235 62 3 216 30 169 150]
153   | 1144306680423830217480468731607864471617525434921     | [202 65 87 140 128 16 240 123 100 35 46 119 136 235 62 3 216 30 169 150]
154   | 1155724661965477896528935019363460432708587407913     | [203 117 21 189 29 124 36 85 48 83 15 229 104 191 254 174 88 130 241 41]
155   | 1178560625048773254625867594874652354890711353897     | [207 159 139 63 82 64 115 172 26 224 194 2 247 113 212 145 191 142 34 8]
156   | 1224232551215363970819732745897036199254959245865     | [215 30 245 21 132 41 255 99 29 165 132 227 198 20 111 162 179 51 112 204]
157   | 1315576403548545403207463047941803887983455029801     | [236 216 132 172 223 10 245 113 141 224 147 192 134 73 174 81 130 36 31 253]
158   | 36762470884005349779238819315056245784514054697     | [13 121 95 215 130 49 44 133 140 150 226 95 173 39 42 36 27 253 78 162]
159   | 402137880216731079330160027494127000698497190441     | [76 243 96 255 71 9 238 11 184 161 93 24 85 156 33 51 20 113 136 79]
Predecessor: [190 180 206 18 225 202 121 224 231 189 83 254 149 42 48 74 82 165 214 234]
hops: 2 latency: 39
hops: 2 latency: 68
hops: 1 latency: 20
hops: 1 latency: 25
hops: 1 latency: 18
hops: 1 latency: 24
hops: 1 latency: 39
hops: 1 latency: 20
hops: 1 latency: 20
hops: 1 latency: 20
hops: 2 latency: 97
hops: 1 latency: 42
hops: 1 latency: 19
hops: 1 latency: 17
hops: 1 latency: 21
hops: 1 latency: 19
hops: 1 latency: 18
hops: 1 latency: 16
hops: 1 latency: 22
hops: 1 latency: 20
hops: 1 latency: 22
hops: 1 latency: 21
hops: 1 latency: 22
hops: 1 latency: 0
hops: 3 latency: 2
hops: 1 latency: 0
hops: 5 latency: 45
hops: 1 latency: 19
hops: 1 latency: 19
hops: 2 latency: 63
hops: 1 latency: 16
hops: 1 latency: 19
hops: 1 latency: 37
hops: 1 latency: 21
hops: 1 latency: 22
hops: 1 latency: 24
hops: 1 latency: 23
hops: 1 latency: 22
hops: 1 latency: 18
hops: 1 latency: 20
hops: 1 latency: 24
hops: 1 latency: 18
hops: 1 latency: 19
hops: 4 latency: 47
hops: 4 latency: 161
hops: 1 latency: 18
hops: 1 latency: 22
hops: 1 latency: 19
hops: 1 latency: 18
hops: 1 latency: 19
hops: 1 latency: 16
hops: 1 latency: 19
hops: 1 latency: 17
hops: 1 latency: 18
hops: 1 latency: 20
hops: 1 latency: 17
hops: 1 latency: 17
hops: 1 latency: 23
hops: 1 latency: 6
hops: 2 latency: 5
hops: 3 latency: 104
hops: 1 latency: 23
hops: 1 latency: 22
hops: 1 latency: 18
hops: 1 latency: 32
hops: 1 latency: 22
hops: 1 latency: 19
hops: 1 latency: 20
hops: 3 latency: 129
hops: 1 latency: 18
hops: 1 latency: 18
hops: 1 latency: 20
hops: 1 latency: 15
hops: 1 latency: 18
hops: 1 latency: 19
hops: 1 latency: 17
hops: 1 latency: 20
hops: 1 latency: 21
hops: 1 latency: 18
hops: 1 latency: 18
hops: 1 latency: 22
hops: 1 latency: 20
hops: 1 latency: 16
hops: 1 latency: 18
hops: 1 latency: 18
hops: 1 latency: 20
hops: 1 latency: 13
hops: 1 latency: 141
hops: 1 latency: 20
hops: 1 latency: 19
hops: 1 latency: 19
hops: 1 latency: 20
hops: 1 latency: 18
hops: 1 latency: 18
hops: 1 latency: 20
hops: 1 latency: 18
hops: 1 latency: 17
hops: 1 latency: 18
hops: 1 latency: 21
hops: 1 latency: 18
hops: 1 latency: 20
hops: 1 latency: 16
hops: 1 latency: 20
hops: 1 latency: 17
hops: 1 latency: 17
hops: 1 latency: 18
hops: 1 latency: 22
hops: 1 latency: 19
hops: 1 latency: 22
hops: 1 latency: 17
hops: 1 latency: 10
hops: 2 latency: 39
hops: 1 latency: 17
hops: 1 latency: 18
hops: 1 latency: 17
hops: 1 latency: 18
hops: 1 latency: 18
hops: 1 latency: 8
hops: 1 latency: 17
hops: 1 latency: 20
hops: 1 latency: 18
hops: 1 latency: 18
hops: 1 latency: 17
hops: 1 latency: 18
hops: 1 latency: 14
hops: 1 latency: 24
hops: 3 latency: 107
hops: 1 latency: 18
hops: 1 latency: 18
hops: 1 latency: 17
hops: 1 latency: 20
hops: 1 latency: 16
hops: 1 latency: 16
hops: 1 latency: 94
hops: 1 latency: 18
hops: 1 latency: 14
hops: 2 latency: 64
hops: 1 latency: 23
hops: 1 latency: 23
hops: 1 latency: 17
hops: 1 latency: 18
hops: 1 latency: 18
hops: 1 latency: 21
hops: 1 latency: 19
hops: 1 latency: 18
hops: 1 latency: 16
hops: 1 latency: 25
hops: 1 latency: 20
hops: 1 latency: 93
hops: 1 latency: 20
hops: 1 latency: 16
hops: 1 latency: 20
hops: 1 latency: 19
hops: 1 latency: 20
hops: 3 latency: 114
hops: 1 latency: 17
hops: 1 latency: 16
hops: 1 latency: 18
hops: 1 latency: 18
hops: 1 latency: 17
hops: 1 latency: 19
hops: 1 latency: 20
hops: 1 latency: 22
hops: 1 latency: 18
hops: 1 latency: 15
hops: 1 latency: 7
hops: 5 latency: 43
hops: 1 latency: 18
hops: 1 latency: 19
hops: 1 latency: 18
hops: 1 latency: 20
hops: 1 latency: 20
hops: 1 latency: 16
hops: 1 latency: 17
hops: 1 latency: 27
hops: 1 latency: 22
hops: 1 latency: 19
hops: 1 latency: 17
hops: 1 latency: 18
hops: 1 latency: 13
hops: 4 latency: 150
hops: 1 latency: 17
hops: 1 latency: 18
hops: 1 latency: 18
hops: 1 latency: 16
hops: 1 latency: 18
hops: 1 latency: 19
hops: 1 latency: 17
hops: 1 latency: 19
hops: 1 latency: 19
hops: 1 latency: 20
hops: 5 latency: 184
hops: 1 latency: 17
hops: 2 latency: 62
hops: 1 latency: 17
hops: 1 latency: 17
hops: 1 latency: 20
hops: 1 latency: 21
hops: 1 latency: 19
hops: 1 latency: 17
hops: 1 latency: 17
hops: 1 latency: 18
hops: 1 latency: 17
hops: 1 latency: 18
hops: 1 latency: 18
hops: 1 latency: 17
hops: 1 latency: 18
hops: 1 latency: 23
hops: 1 latency: 23
hops: 1 latency: 17
hops: 1 latency: 19
hops: 1 latency: 21
hops: 1 latency: 19
hops: 1 latency: 21
hops: 1 latency: 17
hops: 1 latency: 20
hops: 1 latency: 17
hops: 1 latency: 18
hops: 1 latency: 14
hops: 1 latency: 17
hops: 1 latency: 21
hops: 1 latency: 19
hops: 1 latency: 17
hops: 1 latency: 19
hops: 1 latency: 21
hops: 5 latency: 186
hops: 1 latency: 18
hops: 1 latency: 17
hops: 1 latency: 22
hops: 1 latency: 16
hops: 1 latency: 21
hops: 1 latency: 19
hops: 1 latency: 20
hops: 1 latency: 20
hops: 1 latency: 19
hops: 1 latency: 19
hops: 1 latency: 16
hops: 1 latency: 23
hops: 1 latency: 19
hops: 1 latency: 17
hops: 1 latency: 17
hops: 2 latency: 71
hops: 1 latency: 19
hops: 1 latency: 19
hops: 1 latency: 16
hops: 1 latency: 19
hops: 1 latency: 60
hops: 1 latency: 15
hops: 1 latency: 17
hops: 1 latency: 18
hops: 1 latency: 22
hops: 5 latency: 185
hops: 1 latency: 20
hops: 1 latency: 16
hops: 1 latency: 20
hops: 1 latency: 22
hops: 1 latency: 19
hops: 1 latency: 17
hops: 1 latency: 19
hops: 1 latency: 16
hops: 1 latency: 15
hops: 1 latency: 21
hops: 1 latency: 18
hops: 1 latency: 20
hops: 1 latency: 16
hops: 1 latency: 18
hops: 1 latency: 19
hops: 1 latency: 16
hops: 1 latency: 18
hops: 1 latency: 18
hops: 1 latency: 18
hops: 1 latency: 20
hops: 1 latency: 17
hops: 1 latency: 16
hops: 1 latency: 17
hops: 1 latency: 16
hops: 1 latency: 18
hops: 1 latency: 9
hops: 3 latency: 109
hops: 1 latency: 18
hops: 1 latency: 40
hops: 1 latency: 56
hops: 1 latency: 16
hops: 1 latency: 39
hops: 1 latency: 23
hops: 1 latency: 18
hops: 1 latency: 15
hops: 1 latency: 24
hops: 1 latency: 18
hops: 1 latency: 21
hops: 1 latency: 45
hops: 1 latency: 46
hops: 1 latency: 241
hops: 1 latency: 37
hops: 1 latency: 51
hops: 1 latency: 21
hops: 1 latency: 18
hops: 1 latency: 21
hops: 1 latency: 61
hops: 1 latency: 27
hops: 1 latency: 51
hops: 1 latency: 27
hops: 1 latency: 25
hops: 1 latency: 29
hops: 1 latency: 28
hops: 1 latency: 18
hops: 1 latency: 40
hops: 1 latency: 24
hops: 1 latency: 19
hops: 1 latency: 29
hops: 1 latency: 15
hops: 1 latency: 18
hops: 1 latency: 21
hops: 1 latency: 24
hops: 1 latency: 20
hops: 1 latency: 23
hops: 1 latency: 20
hops: 1 latency: 31
hops: 1 latency: 19
hops: 1 latency: 17
hops: 1 latency: 22
hops: 1 latency: 28
hops: 1 latency: 38
hops: 1 latency: 31
hops: 3 latency: 298
hops: 1 latency: 17
hops: 1 latency: 40
hops: 1 latency: 16
hops: 1 latency: 22
hops: 1 latency: 32
hops: 2 latency: 184
hops: 1 latency: 33
hops: 1 latency: 18
hops: 1 latency: 29
hops: 1 latency: 29
hops: 1 latency: 41
hops: 1 latency: 20
hops: 1 latency: 26
hops: 1 latency: 23
hops: 1 latency: 23
hops: 1 latency: 42
hops: 1 latency: 211
hops: 1 latency: 40
hops: 1 latency: 29
hops: 1 latency: 29
hops: 1 latency: 8
hops: 4 latency: 12
hops: 3 latency: 2
hops: 3 latency: 9
hops: 2 latency: 3
hops: 1 latency: 2
hops: 2 latency: 3
hops: 5 latency: 4
hops: 4 latency: 8
hops: 4 latency: 212
hops: 1 latency: 22
hops: 2 latency: 124
hops: 1 latency: 21
hops: 1 latency: 19
hops: 1 latency: 28
hops: 4 latency: 168
hops: 1 latency: 25
hops: 1 latency: 21
hops: 1 latency: 36
hops: 1 latency: 23
hops: 1 latency: 36
hops: 1 latency: 25
hops: 1 latency: 24
hops: 1 latency: 37
hops: 1 latency: 25
hops: 1 latency: 45
hops: 1 latency: 82
hops: 1 latency: 18
hops: 2 latency: 111
hops: 1 latency: 37
hops: 1 latency: 34
hops: 1 latency: 44
hops: 3 latency: 170
hops: 1 latency: 92
hops: 1 latency: 46
hops: 1 latency: 28
hops: 1 latency: 18
hops: 1 latency: 10
hops: 1 latency: 24
hops: 1 latency: 19
hops: 1 latency: 34
hops: 1 latency: 25
hops: 1 latency: 21
hops: 1 latency: 17
hops: 1 latency: 18
hops: 1 latency: 22
hops: 1 latency: 21
hops: 1 latency: 20
hops: 1 latency: 20
hops: 1 latency: 48
hops: 1 latency: 23
hops: 1 latency: 26
hops: 1 latency: 21
hops: 1 latency: 24
hops: 1 latency: 29
hops: 1 latency: 23
hops: 1 latency: 29
hops: 1 latency: 36
hops: 1 latency: 27
hops: 1 latency: 19
hops: 1 latency: 24
hops: 5 latency: 13
hops: 5 latency: 4
hops: 4 latency: 12
hops: 4 latency: 76
hops: 1 latency: 22
hops: 1 latency: 31
hops: 1 latency: 94
hops: 1 latency: 25
hops: 1 latency: 48
hops: 1 latency: 26
hops: 1 latency: 25
hops: 1 latency: 54
hops: 1 latency: 36
hops: 1 latency: 18
hops: 1 latency: 64
hops: 1 latency: 23
hops: 1 latency: 38
hops: 1 latency: 32
hops: 1 latency: 20
hops: 1 latency: 24
hops: 2 latency: 113
hops: 1 latency: 19
hops: 1 latency: 23
hops: 1 latency: 29
hops: 1 latency: 23
hops: 1 latency: 30
hops: 1 latency: 34
hops: 1 latency: 38
hops: 1 latency: 35
hops: 1 latency: 22
hops: 1 latency: 52
hops: 1 latency: 58
hops: 1 latency: 21
hops: 1 latency: 20
hops: 1 latency: 21
hops: 1 latency: 18
hops: 1 latency: 20
hops: 1 latency: 20
hops: 1 latency: 30
hops: 1 latency: 35
hops: 1 latency: 19
hops: 1 latency: 0
hops: 3 latency: 6
hops: 4 latency: 6
hops: 2 latency: 1
hops: 3 latency: 2
hops: 4 latency: 2
hops: 3 latency: 2
hops: 5 latency: 4
hops: 4 latency: 4
hops: 3 latency: 10
hops: 4 latency: 179
hops: 1 latency: 20
hops: 1 latency: 33
hops: 1 latency: 19
hops: 1 latency: 18
hops: 1 latency: 19
hops: 1 latency: 29
hops: 1 latency: 34
hops: 1 latency: 47
hops: 1 latency: 64
hops: 1 latency: 31
hops: 1 latency: 20
hops: 1 latency: 25
hops: 1 latency: 20
hops: 1 latency: 21
hops: 1 latency: 20
hops: 1 latency: 19
hops: 1 latency: 22
hops: 1 latency: 24
hops: 1 latency: 19
hops: 1 latency: 21
hops: 1 latency: 21
hops: 1 latency: 26
hops: 1 latency: 20
hops: 1 latency: 25
hops: 1 latency: 39
hops: 1 latency: 61
hops: 1 latency: 25
hops: 1 latency: 35
hops: 1 latency: 67
hops: 1 latency: 52
hops: 1 latency: 40
hops: 1 latency: 41
hops: 1 latency: 26
hops: 1 latency: 31
hops: 1 latency: 41
hops: 1 latency: 28
hops: 1 latency: 37
hops: 1 latency: 21
hops: 1 latency: 22
hops: 1 latency: 18
hops: 1 latency: 24
hops: 1 latency: 33
hops: 1 latency: 21
hops: 1 latency: 16
hops: 1 latency: 28
hops: 1 latency: 34
hops: 1 latency: 19
hops: 1 latency: 22
hops: 1 latency: 26
hops: 1 latency: 22
hops: 1 latency: 34
hops: 1 latency: 21
hops: 1 latency: 20
hops: 1 latency: 19
hops: 2 latency: 86
hops: 1 latency: 35
hops: 1 latency: 17
hops: 1 latency: 19
hops: 1 latency: 100
hops: 1 latency: 4
hops: 3 latency: 3
hops: 4 latency: 72
hops: 1 latency: 18
hops: 1 latency: 24
hops: 1 latency: 46
hops: 1 latency: 23
hops: 1 latency: 22
hops: 1 latency: 18
hops: 1 latency: 21
hops: 1 latency: 19
hops: 1 latency: 19
hops: 1 latency: 16
hops: 1 latency: 25
hops: 1 latency: 21
hops: 1 latency: 19
hops: 1 latency: 26
hops: 1 latency: 24
hops: 1 latency: 24
hops: 1 latency: 21
hops: 1 latency: 13
hops: 1 latency: 31
hops: 1 latency: 18
hops: 1 latency: 28
hops: 1 latency: 40
hops: 1 latency: 25
hops: 1 latency: 18
hops: 1 latency: 19
hops: 1 latency: 18
hops: 5 latency: 204
hops: 1 latency: 23
hops: 1 latency: 16
hops: 1 latency: 30
hops: 1 latency: 22
hops: 1 latency: 18
hops: 1 latency: 20
hops: 1 latency: 19
hops: 1 latency: 29
hops: 1 latency: 19
hops: 1 latency: 16
hops: 1 latency: 19
hops: 1 latency: 18
hops: 1 latency: 20
hops: 1 latency: 19
hops: 1 latency: 16
hops: 1 latency: 19
hops: 1 latency: 20
hops: 1 latency: 17
hops: 1 latency: 23
hops: 1 latency: 17
hops: 1 latency: 20
hops: 1 latency: 14
hops: 1 latency: 20
hops: 1 latency: 22
hops: 1 latency: 15
hops: 1 latency: 162
hops: 1 latency: 20
hops: 1 latency: 20
hops: 1 latency: 18
hops: 1 latency: 19
hops: 1 latency: 21
hops: 1 latency: 19
hops: 1 latency: 19
hops: 1 latency: 20
hops: 1 latency: 21
hops: 1 latency: 29
hops: 1 latency: 17
hops: 1 latency: 15
hops: 1 latency: 16
hops: 1 latency: 19
hops: 1 latency: 18
hops: 1 latency: 22
hops: 1 latency: 18
hops: 1 latency: 20
hops: 1 latency: 22
hops: 1 latency: 16
hops: 1 latency: 18
hops: 1 latency: 19
hops: 1 latency: 20
hops: 1 latency: 20
hops: 1 latency: 28
hops: 1 latency: 20
hops: 1 latency: 18
hops: 1 latency: 19
hops: 1 latency: 16
hops: 1 latency: 16
hops: 1 latency: 19
hops: 1 latency: 18
hops: 1 latency: 16
hops: 1 latency: 18
hops: 1 latency: 18
hops: 1 latency: 156
hops: 1 latency: 15
hops: 1 latency: 18
hops: 1 latency: 17
hops: 1 latency: 17
hops: 1 latency: 20
hops: 1 latency: 19
hops: 1 latency: 17
hops: 3 latency: 117
hops: 1 latency: 20
hops: 1 latency: 18
hops: 1 latency: 18
hops: 1 latency: 20
hops: 1 latency: 22
hops: 1 latency: 18
hops: 1 latency: 19
hops: 1 latency: 17
hops: 1 latency: 16
hops: 1 latency: 228
hops: 1 latency: 2
hops: 3 latency: 1
hops: 1 latency: 0
hops: 1 latency: 0
hops: 2 latency: 4
hops: 1 latency: 2
hops: 2 latency: 4
hops: 5 latency: 6
hops: 2 latency: 2
hops: 3 latency: 3
hops: 4 latency: 5
hops: 3 latency: 2
hops: 4 latency: 2
hops: 1 latency: 1
hops: 5 latency: 4
hops: 2 latency: 1
hops: 4 latency: 4
hops: 2 latency: 1
hops: 4 latency: 2
hops: 3 latency: 24
hops: 2 latency: 3
hops: 4 latency: 5
hops: 4 latency: 3
hops: 2 latency: 2
hops: 3 latency: 98
hops: 1 latency: 20
hops: 1 latency: 23
hops: 1 latency: 31
hops: 1 latency: 20
hops: 1 latency: 24
hops: 1 latency: 23
hops: 1 latency: 20
hops: 1 latency: 32
hops: 1 latency: 25
hops: 1 latency: 16
hops: 1 latency: 19
hops: 1 latency: 14
hops: 1 latency: 19
hops: 1 latency: 19
hops: 1 latency: 21
hops: 1 latency: 26
hops: 1 latency: 12
hops: 5 latency: 29
hops: 2 latency: 3
hops: 5 latency: 3
hops: 3 latency: 3
hops: 7 latency: 6
hops: 3 latency: 3
hops: 1 latency: 1
hops: 2 latency: 1
hops: 5 latency: 7
hops: 2 latency: 30
hops: 3 latency: 81
hops: 1 latency: 18
hops: 1 latency: 17
hops: 1 latency: 19
hops: 1 latency: 18
hops: 1 latency: 18
hops: 1 latency: 19
hops: 1 latency: 18
hops: 1 latency: 27
hops: 1 latency: 21
hops: 1 latency: 18
hops: 1 latency: 18
hops: 1 latency: 18
hops: 1 latency: 20
hops: 1 latency: 30
hops: 1 latency: 19
hops: 1 latency: 24
hops: 1 latency: 20
hops: 1 latency: 17
hops: 1 latency: 17
hops: 1 latency: 18
hops: 1 latency: 16
hops: 1 latency: 20
hops: 5 latency: 202
hops: 1 latency: 19
hops: 1 latency: 15
hops: 1 latency: 19
hops: 1 latency: 19
hops: 1 latency: 19
hops: 1 latency: 9
hops: 1 latency: 17
hops: 1 latency: 18
hops: 1 latency: 19
hops: 1 latency: 19
hops: 1 latency: 19
hops: 1 latency: 17
hops: 1 latency: 18
hops: 1 latency: 18
hops: 1 latency: 20
hops: 1 latency: 18
hops: 1 latency: 17
hops: 1 latency: 17
hops: 1 latency: 18
hops: 1 latency: 25
hops: 1 latency: 0
hops: 2 latency: 2
hops: 2 latency: 1
hops: 2 latency: 1
hops: 5 latency: 11
hops: 4 latency: 4
hops: 4 latency: 17
hops: 3 latency: 46
hops: 1 latency: 18
hops: 1 latency: 23
hops: 1 latency: 20
hops: 1 latency: 20
hops: 1 latency: 21
hops: 1 latency: 15
hops: 1 latency: 16
hops: 1 latency: 19
hops: 1 latency: 21
hops: 1 latency: 22
hops: 1 latency: 26
hops: 1 latency: 15
hops: 5 latency: 22
hops: 5 latency: 11
hops: 2 latency: 3
hops: 4 latency: 32
hops: 2 latency: 1
hops: 2 latency: 2
hops: 1 latency: 5
hops: 4 latency: 14
hops: 5 latency: 4
hops: 5 latency: 13
hops: 4 latency: 107
hops: 1 latency: 18
hops: 1 latency: 20
hops: 1 latency: 24
hops: 1 latency: 15
hops: 1 latency: 17
hops: 1 latency: 15
hops: 1 latency: 19
hops: 1 latency: 18
hops: 1 latency: 19
hops: 1 latency: 17
hops: 1 latency: 16
hops: 1 latency: 19
hops: 1 latency: 21
hops: 1 latency: 19
hops: 1 latency: 22
hops: 1 latency: 20
hops: 1 latency: 20
hops: 1 latency: 18
hops: 1 latency: 11
hops: 3 latency: 107
hops: 1 latency: 18
hops: 1 latency: 20
hops: 1 latency: 18
hops: 1 latency: 19
hops: 1 latency: 19
hops: 1 latency: 20
hops: 1 latency: 33
hops: 1 latency: 22
hops: 1 latency: 19
hops: 1 latency: 23
hops: 1 latency: 21
hops: 1 latency: 20
hops: 1 latency: 22
hops: 1 latency: 21
hops: 1 latency: 19
hops: 1 latency: 24
hops: 1 latency: 20
hops: 1 latency: 16
hops: 2 latency: 44
hops: 1 latency: 6
hops: 1 latency: 3
hops: 5 latency: 5
hops: 2 latency: 5
hops: 1 latency: 1
hops: 1 latency: 1
hops: 5 latency: 4
hops: 1 latency: 23
hops: 1 latency: 31
hops: 1 latency: 22
hops: 1 latency: 20
hops: 1 latency: 18
hops: 1 latency: 17
hops: 1 latency: 17
hops: 1 latency: 18
hops: 1 latency: 18
hops: 1 latency: 18
hops: 1 latency: 20
hops: 1 latency: 17
hops: 1 latency: 23
hops: 1 latency: 20
hops: 1 latency: 27
hops: 1 latency: 21
hops: 1 latency: 52
hops: 1 latency: 0
hops: 1 latency: 1
hops: 2 latency: 2
hops: 4 latency: 50
hops: 1 latency: 18
hops: 1 latency: 18
hops: 3 latency: 121
hops: 1 latency: 18
hops: 1 latency: 18
hops: 1 latency: 31
hops: 1 latency: 21
hops: 1 latency: 17
hops: 1 latency: 19
hops: 1 latency: 15
hops: 1 latency: 18
hops: 1 latency: 17
hops: 1 latency: 18
hops: 1 latency: 18
hops: 1 latency: 20
hops: 1 latency: 21
hops: 1 latency: 28
hops: 1 latency: 14
hops: 1 latency: 17
hops: 1 latency: 20
hops: 1 latency: 23
hops: 1 latency: 15
hops: 1 latency: 23
hops: 1 latency: 24
hops: 1 latency: 20
hops: 1 latency: 20
hops: 1 latency: 22
hops: 1 latency: 20
hops: 1 latency: 18
hops: 1 latency: 31
hops: 1 latency: 22
hops: 1 latency: 18
hops: 1 latency: 18
hops: 1 latency: 18
hops: 1 latency: 19
hops: 1 latency: 20
hops: 1 latency: 19
hops: 1 latency: 15
hops: 1 latency: 20
hops: 1 latency: 19
hops: 1 latency: 19
hops: 1 latency: 18
hops: 2 latency: 82
hops: 1 latency: 19
hops: 1 latency: 20
hops: 1 latency: 18
hops: 1 latency: 23
hops: 1 latency: 19
hops: 1 latency: 19
hops: 1 latency: 25
hops: 5 latency: 212
hops: 1 latency: 17
hops: 1 latency: 23
hops: 1 latency: 19
hops: 1 latency: 20
hops: 1 latency: 17
hops: 1 latency: 24
hops: 1 latency: 104
hops: 1 latency: 38
hops: 1 latency: 19
hops: 1 latency: 17
hops: 1 latency: 22
hops: 1 latency: 19
hops: 1 latency: 19
hops: 1 latency: 21
hops: 1 latency: 19
hops: 1 latency: 24
hops: 1 latency: 29
hops: 1 latency: 20
hops: 1 latency: 35
hops: 1 latency: 16
hops: 1 latency: 17
hops: 1 latency: 16
hops: 1 latency: 18
hops: 1 latency: 16
hops: 1 latency: 16
hops: 1 latency: 18
hops: 1 latency: 18
hops: 1 latency: 19
hops: 1 latency: 26
hops: 1 latency: 4
hops: 2 latency: 22
hops: 2 latency: 2
hops: 2 latency: 1
hops: 3 latency: 2
hops: 2 latency: 1
hops: 5 latency: 9
hops: 5 latency: 4
hops: 3 latency: 2
hops: 3 latency: 9
hops: 3 latency: 102
hops: 1 latency: 19
hops: 1 latency: 20
hops: 1 latency: 19
hops: 1 latency: 15
hops: 1 latency: 18
hops: 1 latency: 18
hops: 1 latency: 20
hops: 1 latency: 19
hops: 1 latency: 16
hops: 1 latency: 20
hops: 1 latency: 17
hops: 1 latency: 29
hops: 1 latency: 19
hops: 1 latency: 25
hops: 1 latency: 21
hops: 1 latency: 21
hops: 1 latency: 20
hops: 1 latency: 22
hops: 1 latency: 107
hops: 1 latency: 18
hops: 1 latency: 17
hops: 5 latency: 204
hops: 1 latency: 21
hops: 1 latency: 19
hops: 1 latency: 19
hops: 1 latency: 21
hops: 1 latency: 20
hops: 1 latency: 19
hops: 1 latency: 16
hops: 1 latency: 29
hops: 1 latency: 18
hops: 1 latency: 17
hops: 1 latency: 20
hops: 1 latency: 20
hops: 1 latency: 21
hops: 1 latency: 16
hops: 1 latency: 16
hops: 1 latency: 18
hops: 1 latency: 20
hops: 1 latency: 21
hops: 1 latency: 17
hops: 1 latency: 19
hops: 1 latency: 18
hops: 1 latency: 18
hops: 1 latency: 17
hops: 1 latency: 19
hops: 1 latency: 18
hops: 1 latency: 7
hops: 5 latency: 12
hops: 4 latency: 3
hops: 5 latency: 18
hops: 1 latency: 19
hops: 1 latency: 16
hops: 1 latency: 21
hops: 1 latency: 17
hops: 1 latency: 18
hops: 1 latency: 21
hops: 1 latency: 20
hops: 1 latency: 19
hops: 1 latency: 20
hops: 1 latency: 18
hops: 1 latency: 15
hops: 1 latency: 24
hops: 1 latency: 24
hops: 1 latency: 19
hops: 1 latency: 21
hops: 1 latency: 21
hops: 1 latency: 17
hops: 5 latency: 192
hops: 1 latency: 27
hops: 1 latency: 19
hops: 1 latency: 19
hops: 1 latency: 20
hops: 1 latency: 18
hops: 1 latency: 20
hops: 1 latency: 17
hops: 1 latency: 21
hops: 1 latency: 22
hops: 2 latency: 94
hops: 1 latency: 19
hops: 1 latency: 20
hops: 2 latency: 94
hops: 1 latency: 13
hops: 4 latency: 131
hops: 1 latency: 21
hops: 1 latency: 23
hops: 1 latency: 29
hops: 1 latency: 14
PASS
ok  	chord	236.709s
