finished launching servers
id: [96 230 107 213 23 143 82 36 138 196 46 85 173 241 93 194 79 252 127 16] ip: 127.0.0.1:14480
Finger table:
ith | start | successor
0   | 553201678920805898561789928930867197280891207441     | [107 171 112 53 44 211 43 171 17 159 241 148 8 128 170 13 25 1 82 102]
1   | 553201678920805898561789928930867197280891207442     | [107 171 112 53 44 211 43 171 17 159 241 148 8 128 170 13 25 1 82 102]
2   | 553201678920805898561789928930867197280891207444     | [107 171 112 53 44 211 43 171 17 159 241 148 8 128 170 13 25 1 82 102]
3   | 553201678920805898561789928930867197280891207448     | [107 171 112 53 44 211 43 171 17 159 241 148 8 128 170 13 25 1 82 102]
4   | 553201678920805898561789928930867197280891207456     | [107 171 112 53 44 211 43 171 17 159 241 148 8 128 170 13 25 1 82 102]
5   | 553201678920805898561789928930867197280891207472     | [107 171 112 53 44 211 43 171 17 159 241 148 8 128 170 13 25 1 82 102]
6   | 553201678920805898561789928930867197280891207504     | [107 171 112 53 44 211 43 171 17 159 241 148 8 128 170 13 25 1 82 102]
7   | 553201678920805898561789928930867197280891207568     | [107 171 112 53 44 211 43 171 17 159 241 148 8 128 170 13 25 1 82 102]
8   | 553201678920805898561789928930867197280891207696     | [107 171 112 53 44 211 43 171 17 159 241 148 8 128 170 13 25 1 82 102]
9   | 553201678920805898561789928930867197280891207952     | [107 171 112 53 44 211 43 171 17 159 241 148 8 128 170 13 25 1 82 102]
10   | 553201678920805898561789928930867197280891208464     | [107 171 112 53 44 211 43 171 17 159 241 148 8 128 170 13 25 1 82 102]
11   | 553201678920805898561789928930867197280891209488     | [107 171 112 53 44 211 43 171 17 159 241 148 8 128 170 13 25 1 82 102]
12   | 553201678920805898561789928930867197280891211536     | [107 171 112 53 44 211 43 171 17 159 241 148 8 128 170 13 25 1 82 102]
13   | 553201678920805898561789928930867197280891215632     | [107 171 112 53 44 211 43 171 17 159 241 148 8 128 170 13 25 1 82 102]
14   | 553201678920805898561789928930867197280891223824     | [107 171 112 53 44 211 43 171 17 159 241 148 8 128 170 13 25 1 82 102]
15   | 553201678920805898561789928930867197280891240208     | [107 171 112 53 44 211 43 171 17 159 241 148 8 128 170 13 25 1 82 102]
16   | 553201678920805898561789928930867197280891272976     | [107 171 112 53 44 211 43 171 17 159 241 148 8 128 170 13 25 1 82 102]
17   | 553201678920805898561789928930867197280891338512     | [107 171 112 53 44 211 43 171 17 159 241 148 8 128 170 13 25 1 82 102]
18   | 553201678920805898561789928930867197280891469584     | [107 171 112 53 44 211 43 171 17 159 241 148 8 128 170 13 25 1 82 102]
19   | 553201678920805898561789928930867197280891731728     | [107 171 112 53 44 211 43 171 17 159 241 148 8 128 170 13 25 1 82 102]
20   | 553201678920805898561789928930867197280892256016     | [107 171 112 53 44 211 43 171 17 159 241 148 8 128 170 13 25 1 82 102]
21   | 553201678920805898561789928930867197280893304592     | [107 171 112 53 44 211 43 171 17 159 241 148 8 128 170 13 25 1 82 102]
22   | 553201678920805898561789928930867197280895401744     | [107 171 112 53 44 211 43 171 17 159 241 148 8 128 170 13 25 1 82 102]
23   | 553201678920805898561789928930867197280899596048     | [107 171 112 53 44 211 43 171 17 159 241 148 8 128 170 13 25 1 82 102]
24   | 553201678920805898561789928930867197280907984656     | [107 171 112 53 44 211 43 171 17 159 241 148 8 128 170 13 25 1 82 102]
25   | 553201678920805898561789928930867197280924761872     | [107 171 112 53 44 211 43 171 17 159 241 148 8 128 170 13 25 1 82 102]
26   | 553201678920805898561789928930867197280958316304     | [107 171 112 53 44 211 43 171 17 159 241 148 8 128 170 13 25 1 82 102]
27   | 553201678920805898561789928930867197281025425168     | [107 171 112 53 44 211 43 171 17 159 241 148 8 128 170 13 25 1 82 102]
28   | 553201678920805898561789928930867197281159642896     | [107 171 112 53 44 211 43 171 17 159 241 148 8 128 170 13 25 1 82 102]
29   | 553201678920805898561789928930867197281428078352     | [107 171 112 53 44 211 43 171 17 159 241 148 8 128 170 13 25 1 82 102]
30   | 553201678920805898561789928930867197281964949264     | [107 171 112 53 44 211 43 171 17 159 241 148 8 128 170 13 25 1 82 102]
31   | 553201678920805898561789928930867197283038691088     | [107 171 112 53 44 211 43 171 17 159 241 148 8 128 170 13 25 1 82 102]
32   | 553201678920805898561789928930867197285186174736     | [107 171 112 53 44 211 43 171 17 159 241 148 8 128 170 13 25 1 82 102]
33   | 553201678920805898561789928930867197289481142032     | [107 171 112 53 44 211 43 171 17 159 241 148 8 128 170 13 25 1 82 102]
34   | 553201678920805898561789928930867197298071076624     | [107 171 112 53 44 211 43 171 17 159 241 148 8 128 170 13 25 1 82 102]
35   | 553201678920805898561789928930867197315250945808     | [107 171 112 53 44 211 43 171 17 159 241 148 8 128 170 13 25 1 82 102]
36   | 553201678920805898561789928930867197349610684176     | [107 171 112 53 44 211 43 171 17 159 241 148 8 128 170 13 25 1 82 102]
37   | 553201678920805898561789928930867197418330160912     | [107 171 112 53 44 211 43 171 17 159 241 148 8 128 170 13 25 1 82 102]
38   | 553201678920805898561789928930867197555769114384     | [107 171 112 53 44 211 43 171 17 159 241 148 8 128 170 13 25 1 82 102]
39   | 553201678920805898561789928930867197830647021328     | [107 171 112 53 44 211 43 171 17 159 241 148 8 128 170 13 25 1 82 102]
40   | 553201678920805898561789928930867198380402835216     | [107 171 112 53 44 211 43 171 17 159 241 148 8 128 170 13 25 1 82 102]
41   | 553201678920805898561789928930867199479914462992     | [107 171 112 53 44 211 43 171 17 159 241 148 8 128 170 13 25 1 82 102]
42   | 553201678920805898561789928930867201678937718544     | [107 171 112 53 44 211 43 171 17 159 241 148 8 128 170 13 25 1 82 102]
43   | 553201678920805898561789928930867206076984229648     | [107 171 112 53 44 211 43 171 17 159 241 148 8 128 170 13 25 1 82 102]
44   | 553201678920805898561789928930867214873077251856     | [107 171 112 53 44 211 43 171 17 159 241 148 8 128 170 13 25 1 82 102]
45   | 553201678920805898561789928930867232465263296272     | [107 171 112 53 44 211 43 171 17 159 241 148 8 128 170 13 25 1 82 102]
46   | 553201678920805898561789928930867267649635385104     | [107 171 112 53 44 211 43 171 17 159 241 148 8 128 170 13 25 1 82 102]
47   | 553201678920805898561789928930867338018379562768     | [107 171 112 53 44 211 43 171 17 159 241 148 8 128 170 13 25 1 82 102]
48   | 553201678920805898561789928930867478755867918096     | [107 171 112 53 44 211 43 171 17 159 241 148 8 128 170 13 25 1 82 102]
49   | 553201678920805898561789928930867760230844628752     | [107 171 112 53 44 211 43 171 17 159 241 148 8 128 170 13 25 1 82 102]
50   | 553201678920805898561789928930868323180798050064     | [107 171 112 53 44 211 43 171 17 159 241 148 8 128 170 13 25 1 82 102]
51   | 553201678920805898561789928930869449080704892688     | [107 171 112 53 44 211 43 171 17 159 241 148 8 128 170 13 25 1 82 102]
52   | 553201678920805898561789928930871700880518577936     | [107 171 112 53 44 211 43 171 17 159 241 148 8 128 170 13 25 1 82 102]
53   | 553201678920805898561789928930876204480145948432     | [107 171 112 53 44 211 43 171 17 159 241 148 8 128 170 13 25 1 82 102]
54   | 553201678920805898561789928930885211679400689424     | [107 171 112 53 44 211 43 171 17 159 241 148 8 128 170 13 25 1 82 102]
55   | 553201678920805898561789928930903226077910171408     | [107 171 112 53 44 211 43 171 17 159 241 148 8 128 170 13 25 1 82 102]
56   | 553201678920805898561789928930939254874929135376     | [107 171 112 53 44 211 43 171 17 159 241 148 8 128 170 13 25 1 82 102]
57   | 553201678920805898561789928931011312468967063312     | [107 171 112 53 44 211 43 171 17 159 241 148 8 128 170 13 25 1 82 102]
58   | 553201678920805898561789928931155427657042919184     | [107 171 112 53 44 211 43 171 17 159 241 148 8 128 170 13 25 1 82 102]
59   | 553201678920805898561789928931443658033194630928     | [107 171 112 53 44 211 43 171 17 159 241 148 8 128 170 13 25 1 82 102]
60   | 553201678920805898561789928932020118785498054416     | [107 171 112 53 44 211 43 171 17 159 241 148 8 128 170 13 25 1 82 102]
61   | 553201678920805898561789928933173040290104901392     | [107 171 112 53 44 211 43 171 17 159 241 148 8 128 170 13 25 1 82 102]
62   | 553201678920805898561789928935478883299318595344     | [107 171 112 53 44 211 43 171 17 159 241 148 8 128 170 13 25 1 82 102]
63   | 553201678920805898561789928940090569317745983248     | [107 171 112 53 44 211 43 171 17 159 241 148 8 128 170 13 25 1 82 102]
64   | 553201678920805898561789928949313941354600759056     | [107 171 112 53 44 211 43 171 17 159 241 148 8 128 170 13 25 1 82 102]
65   | 553201678920805898561789928967760685428310310672     | [107 171 112 53 44 211 43 171 17 159 241 148 8 128 170 13 25 1 82 102]
66   | 553201678920805898561789929004654173575729413904     | [107 171 112 53 44 211 43 171 17 159 241 148 8 128 170 13 25 1 82 102]
67   | 553201678920805898561789929078441149870567620368     | [107 171 112 53 44 211 43 171 17 159 241 148 8 128 170 13 25 1 82 102]
68   | 553201678920805898561789929226015102460244033296     | [107 171 112 53 44 211 43 171 17 159 241 148 8 128 170 13 25 1 82 102]
69   | 553201678920805898561789929521163007639596859152     | [107 171 112 53 44 211 43 171 17 159 241 148 8 128 170 13 25 1 82 102]
70   | 553201678920805898561789930111458817998302510864     | [107 171 112 53 44 211 43 171 17 159 241 148 8 128 170 13 25 1 82 102]
71   | 553201678920805898561789931292050438715713814288     | [107 171 112 53 44 211 43 171 17 159 241 148 8 128 170 13 25 1 82 102]
72   | 553201678920805898561789933653233680150536421136     | [107 171 112 53 44 211 43 171 17 159 241 148 8 128 170 13 25 1 82 102]
73   | 553201678920805898561789938375600163020181634832     | [107 171 112 53 44 211 43 171 17 159 241 148 8 128 170 13 25 1 82 102]
74   | 553201678920805898561789947820333128759472062224     | [107 171 112 53 44 211 43 171 17 159 241 148 8 128 170 13 25 1 82 102]
75   | 553201678920805898561789966709799060238052917008     | [107 171 112 53 44 211 43 171 17 159 241 148 8 128 170 13 25 1 82 102]
76   | 553201678920805898561790004488730923195214626576     | [107 171 112 53 44 211 43 171 17 159 241 148 8 128 170 13 25 1 82 102]
77   | 553201678920805898561790080046594649109538045712     | [107 171 112 53 44 211 43 171 17 159 241 148 8 128 170 13 25 1 82 102]
78   | 553201678920805898561790231162322100938184883984     | [107 171 112 53 44 211 43 171 17 159 241 148 8 128 170 13 25 1 82 102]
79   | 553201678920805898561790533393777004595478560528     | [107 171 112 53 44 211 43 171 17 159 241 148 8 128 170 13 25 1 82 102]
80   | 553201678920805898561791137856686811910065913616     | [107 171 112 53 44 211 43 171 17 159 241 148 8 128 170 13 25 1 82 102]
81   | 553201678920805898561792346782506426539240619792     | [107 171 112 53 44 211 43 171 17 159 241 148 8 128 170 13 25 1 82 102]
82   | 553201678920805898561794764634145655797590032144     | [107 171 112 53 44 211 43 171 17 159 241 148 8 128 170 13 25 1 82 102]
83   | 553201678920805898561799600337424114314288856848     | [107 171 112 53 44 211 43 171 17 159 241 148 8 128 170 13 25 1 82 102]
84   | 553201678920805898561809271743981031347686506256     | [107 171 112 53 44 211 43 171 17 159 241 148 8 128 170 13 25 1 82 102]
85   | 553201678920805898561828614557094865414481805072     | [107 171 112 53 44 211 43 171 17 159 241 148 8 128 170 13 25 1 82 102]
86   | 553201678920805898561867300183322533548072402704     | [107 171 112 53 44 211 43 171 17 159 241 148 8 128 170 13 25 1 82 102]
87   | 553201678920805898561944671435777869815253597968     | [107 171 112 53 44 211 43 171 17 159 241 148 8 128 170 13 25 1 82 102]
88   | 553201678920805898562099413940688542349615988496     | [107 171 112 53 44 211 43 171 17 159 241 148 8 128 170 13 25 1 82 102]
89   | 553201678920805898562408898950509887418340769552     | [107 171 112 53 44 211 43 171 17 159 241 148 8 128 170 13 25 1 82 102]
90   | 553201678920805898563027868970152577555790331664     | [107 171 112 53 44 211 43 171 17 159 241 148 8 128 170 13 25 1 82 102]
91   | 553201678920805898564265809009437957830689455888     | [107 171 112 53 44 211 43 171 17 159 241 148 8 128 170 13 25 1 82 102]
92   | 553201678920805898566741689088008718380487704336     | [107 171 112 53 44 211 43 171 17 159 241 148 8 128 170 13 25 1 82 102]
93   | 553201678920805898571693449245150239480084201232     | [107 171 112 53 44 211 43 171 17 159 241 148 8 128 170 13 25 1 82 102]
94   | 553201678920805898581596969559433281679277195024     | [107 171 112 53 44 211 43 171 17 159 241 148 8 128 170 13 25 1 82 102]
95   | 553201678920805898601404010187999366077663182608     | [107 171 112 53 44 211 43 171 17 159 241 148 8 128 170 13 25 1 82 102]
96   | 553201678920805898641018091445131534874435157776     | [107 171 112 53 44 211 43 171 17 159 241 148 8 128 170 13 25 1 82 102]
97   | 553201678920805898720246253959395872467979108112     | [107 171 112 53 44 211 43 171 17 159 241 148 8 128 170 13 25 1 82 102]
98   | 553201678920805898878702578987924547655067008784     | [107 171 112 53 44 211 43 171 17 159 241 148 8 128 170 13 25 1 82 102]
99   | 553201678920805899195615229044981898029242810128     | [107 171 112 53 44 211 43 171 17 159 241 148 8 128 170 13 25 1 82 102]
100   | 553201678920805899829440529159096598777594412816     | [107 171 112 53 44 211 43 171 17 159 241 148 8 128 170 13 25 1 82 102]
101   | 553201678920805901097091129387326000274297618192     | [107 171 112 53 44 211 43 171 17 159 241 148 8 128 170 13 25 1 82 102]
102   | 553201678920805903632392329843784803267704028944     | [107 171 112 53 44 211 43 171 17 159 241 148 8 128 170 13 25 1 82 102]
103   | 553201678920805908702994730756702409254516850448     | [107 171 112 53 44 211 43 171 17 159 241 148 8 128 170 13 25 1 82 102]
104   | 553201678920805918844199532582537621228142493456     | [107 171 112 53 44 211 43 171 17 159 241 148 8 128 170 13 25 1 82 102]
105   | 553201678920805939126609136234208045175393779472     | [107 171 112 53 44 211 43 171 17 159 241 148 8 128 170 13 25 1 82 102]
106   | 553201678920805979691428343537548893069896351504     | [107 171 112 53 44 211 43 171 17 159 241 148 8 128 170 13 25 1 82 102]
107   | 553201678920806060821066758144230588858901495568     | [107 171 112 53 44 211 43 171 17 159 241 148 8 128 170 13 25 1 82 102]
108   | 553201678920806223080343587357593980436911783696     | [107 171 112 53 44 211 43 171 17 159 241 148 8 128 170 13 25 1 82 102]
109   | 553201678920806547598897245784320763592932359952     | [107 171 112 53 44 211 43 171 17 159 241 148 8 128 170 13 25 1 82 102]
110   | 553201678920807196636004562637774329904973512464     | [107 171 112 53 44 211 43 171 17 159 241 148 8 128 170 13 25 1 82 102]
111   | 553201678920808494710219196344681462529055817488     | [107 171 112 53 44 211 43 171 17 159 241 148 8 128 170 13 25 1 82 102]
112   | 553201678920811090858648463758495727777220427536     | [107 171 112 53 44 211 43 171 17 159 241 148 8 128 170 13 25 1 82 102]
113   | 553201678920816283155506998586124258273549647632     | [107 171 112 53 44 211 43 171 17 159 241 148 8 128 170 13 25 1 82 102]
114   | 553201678920826667749224068241381319266208087824     | [107 171 112 53 44 211 43 171 17 159 241 148 8 128 170 13 25 1 82 102]
115   | 553201678920847436936658207551895441251524968208     | [107 171 112 53 44 211 43 171 17 159 241 148 8 128 170 13 25 1 82 102]
116   | 553201678920888975311526486172923685222158728976     | [107 171 112 53 44 211 43 171 17 159 241 148 8 128 170 13 25 1 82 102]
117   | 553201678920972052061263043414980173163426250512     | [107 171 112 53 44 211 43 171 17 159 241 148 8 128 170 13 25 1 82 102]
118   | 553201678921138205560736157899093149045961293584     | [107 171 112 53 44 211 43 171 17 159 241 148 8 128 170 13 25 1 82 102]
119   | 553201678921470512559682386867319100811031379728     | [107 171 112 53 44 211 43 171 17 159 241 148 8 128 170 13 25 1 82 102]
120   | 553201678922135126557574844803771004341171552016     | [107 171 112 53 44 211 43 171 17 159 241 148 8 128 170 13 25 1 82 102]
121   | 553201678923464354553359760676674811401451896592     | [107 171 112 53 44 211 43 171 17 159 241 148 8 128 170 13 25 1 82 102]
122   | 553201678926122810544929592422482425522012585744     | [107 171 112 53 44 211 43 171 17 159 241 148 8 128 170 13 25 1 82 102]
123   | 553201678931439722528069255914097653763133964048     | [107 171 112 53 44 211 43 171 17 159 241 148 8 128 170 13 25 1 82 102]
124   | 553201678942073546494348582897328110245376720656     | [107 171 112 53 44 211 43 171 17 159 241 148 8 128 170 13 25 1 82 102]
125   | 553201678963341194426907236863789023209862233872     | [107 171 112 53 44 211 43 171 17 159 241 148 8 128 170 13 25 1 82 102]
126   | 553201679005876490292024544796710849138833260304     | [107 171 112 53 44 211 43 171 17 159 241 148 8 128 170 13 25 1 82 102]
127   | 553201679090947082022259160662554500996775313168     | [107 171 112 53 44 211 43 171 17 159 241 148 8 128 170 13 25 1 82 102]
128   | 553201679261088265482728392394241804712659418896     | [107 171 112 53 44 211 43 171 17 159 241 148 8 128 170 13 25 1 82 102]
129   | 553201679601370632403666855857616412144427630352     | [107 171 112 53 44 211 43 171 17 159 241 148 8 128 170 13 25 1 82 102]
130   | 553201680281935366245543782784365627007964053264     | [107 171 112 53 44 211 43 171 17 159 241 148 8 128 170 13 25 1 82 102]
131   | 553201681643064833929297636637864056735036899088     | [107 171 112 53 44 211 43 171 17 159 241 148 8 128 170 13 25 1 82 102]
132   | 553201684365323769296805344344860916189182590736     | [107 171 112 53 44 211 43 171 17 159 241 148 8 128 170 13 25 1 82 102]
133   | 553201689809841640031820759758854635097473974032     | [107 171 112 53 44 211 43 171 17 159 241 148 8 128 170 13 25 1 82 102]
134   | 553201700698877381501851590586842072914056740624     | [107 171 112 53 44 211 43 171 17 159 241 148 8 128 170 13 25 1 82 102]
135   | 553201722476948864441913252242816948547222273808     | [107 171 112 53 44 211 43 171 17 159 241 148 8 128 170 13 25 1 82 102]
136   | 553201766033091830322036575554766699813553340176     | [107 171 112 53 44 211 43 171 17 159 241 148 8 128 170 13 25 1 82 102]
137   | 553201853145377762082283222178666202346215472912     | [107 171 112 53 44 211 43 171 17 159 241 148 8 128 170 13 25 1 82 102]
138   | 553202027369949625602776515426465207411539738384     | [107 171 112 53 44 211 43 171 17 159 241 148 8 128 170 13 25 1 82 102]
139   | 553202375819093352643763101922063217542188269328     | [107 171 112 53 44 211 43 171 17 159 241 148 8 128 170 13 25 1 82 102]
140   | 553203072717380806725736274913259237803485331216     | [107 171 112 53 44 211 43 171 17 159 241 148 8 128 170 13 25 1 82 102]
141   | 553204466513955714889682620895651278326079454992     | [107 171 112 53 44 211 43 171 17 159 241 148 8 128 170 13 25 1 82 102]
142   | 553207254107105531217575312860435359371267702544     | [107 171 112 53 44 211 43 171 17 159 241 148 8 128 170 13 25 1 82 102]
143   | 553212829293405163873360696790003521461644197648     | [107 171 112 53 44 211 43 171 17 159 241 148 8 128 170 13 25 1 82 102]
144   | 553223979666004429184931464649139845642397187856     | [107 171 112 53 44 211 43 171 17 159 241 148 8 128 170 13 25 1 82 102]
145   | 553246280411202959808073000367412494003903168272     | [107 171 112 53 44 211 43 171 17 159 241 148 8 128 170 13 25 1 82 102]
146   | 553290881901600021054356071803957790726915129104     | [107 171 112 53 44 211 43 171 17 159 241 148 8 128 170 13 25 1 82 102]
147   | 553380084882394143546922214677048384172939050768     | [107 171 112 53 44 211 43 171 17 159 241 148 8 128 170 13 25 1 82 102]
148   | 553558490843982388532054500423229571064986894096     | [107 171 112 53 44 211 43 171 17 159 241 148 8 128 170 13 25 1 82 102]
149   | 553915302767158878502319071915591944849082580752     | [107 171 112 53 44 211 43 171 17 159 241 148 8 128 170 13 25 1 82 102]
150   | 554628926613511858442848214900316692417273954064     | [107 171 112 53 44 211 43 171 17 159 241 148 8 128 170 13 25 1 82 102]
151   | 556056174306217818323906500869766187553656700688     | [107 171 112 53 44 211 43 171 17 159 241 148 8 128 170 13 25 1 82 102]
152   | 558910669691629738086023072808665177826422193936     | [107 171 112 53 44 211 43 171 17 159 241 148 8 128 170 13 25 1 82 102]
153   | 564619660462453577610256216686463158371953180432     | [107 171 112 53 44 211 43 171 17 159 241 148 8 128 170 13 25 1 82 102]
154   | 576037642004101256658722504442059119463015153424     | [107 171 112 53 44 211 43 171 17 159 241 148 8 128 170 13 25 1 82 102]
155   | 598873605087396614755655079953251041645139099408     | [107 171 112 53 44 211 43 171 17 159 241 148 8 128 170 13 25 1 82 102]
156   | 644545531253987330949520230975634886009386991376     | [132 156 69 14 255 44 139 35 70 67 241 67 25 251 6 250 240 74 97 12]
157   | 735889383587168763337250533020402574737882775312     | [132 156 69 14 255 44 139 35 70 67 241 67 25 251 6 250 240 74 97 12]
158   | 918577088253531628112711137109937952194874343184     | [161 231 41 71 91 159 21 235 184 3 229 82 245 137 62 78 157 96 230 87]
159   | 1283952497586257357663632345289008707108857478928     | [227 158 253 188 45 9 115 153 42 191 202 31 94 53 202 177 195 185 1 139]
Predecessor: [95 212 181 150 170 101 134 85 130 253 237 58 161 253 182 144 164 111 252 128]
hops: 3 latency: 2.070959
hops: 3 latency: 1.522614
hops: 2 latency: 2.012674
hops: 2 latency: 2.144437
hops: 1 latency: 0.56723
hops: 1 latency: 0.644925
hops: 4 latency: 7.064458
hops: 3 latency: 2.406471
hops: 2 latency: 1.209186
hops: 4 latency: 4.10968
hops: 3 latency: 3.131356
hops: 3 latency: 1.540159
hops: 2 latency: 1.179622
hops: 3 latency: 1.57184
hops: 1 latency: 0.808131
hops: 4 latency: 2.165338
hops: 3 latency: 1.880772
hops: 1 latency: 0.723704
hops: 3 latency: 1.584611
hops: 2 latency: 0.834981
hops: 4 latency: 2.225245
hops: 3 latency: 1.844055
hops: 1 latency: 0.563445
hops: 1 latency: 0.40343
hops: 3 latency: 2.653967
hops: 3 latency: 1.983861
hops: 1 latency: 0.547566
hops: 2 latency: 1.081106
hops: 2 latency: 1.291574
hops: 3 latency: 1.727167
hops: 3 latency: 1.787242
hops: 4 latency: 2.467393
hops: 1 latency: 0.52055
hops: 3 latency: 2.542235
hops: 3 latency: 2.311106
hops: 1 latency: 0.730141
hops: 1 latency: 0.564698
hops: 3 latency: 1.696152
hops: 2 latency: 0.942394
hops: 1 latency: 0.442963
hops: 1 latency: 0.608205
hops: 2 latency: 1.047454
hops: 4 latency: 2.368518
hops: 1 latency: 0.570337
hops: 1 latency: 0.615942
hops: 3 latency: 1.775633
hops: 3 latency: 1.665695
hops: 3 latency: 1.851987
hops: 4 latency: 2.165677
hops: 3 latency: 1.83279
hops: 1 latency: 0.578996
hops: 3 latency: 1.55524
hops: 3 latency: 1.638472
hops: 1 latency: 0.483727
hops: 2 latency: 1.116716
hops: 2 latency: 1.220004
hops: 3 latency: 1.558511
hops: 2 latency: 1.120891
hops: 2 latency: 1.536194
hops: 4 latency: 2.182539
hops: 3 latency: 1.520697
hops: 4 latency: 2.230246
hops: 1 latency: 0.460748
hops: 4 latency: 2.296425
hops: 2 latency: 1.133554
hops: 3 latency: 1.422274
hops: 2 latency: 1.058187
hops: 1 latency: 0.45322
hops: 1 latency: 0.58242
hops: 3 latency: 1.767231
hops: 2 latency: 1.279363
hops: 1 latency: 0.763491
hops: 1 latency: 0.535242
hops: 3 latency: 1.796259
hops: 3 latency: 1.475452
hops: 1 latency: 0.461753
hops: 4 latency: 2.443119
hops: 4 latency: 2.30484
hops: 1 latency: 0.78102
hops: 1 latency: 0.529933
hops: 1 latency: 0.543709
hops: 3 latency: 1.429237
hops: 4 latency: 2.447248
hops: 1 latency: 0.529597
hops: 1 latency: 0.450957
hops: 1 latency: 0.396777
hops: 2 latency: 0.996209
hops: 2 latency: 1.288483
hops: 3 latency: 1.676975
hops: 1 latency: 0.456516
hops: 1 latency: 0.464649
hops: 2 latency: 1.046222
hops: 1 latency: 0.553243
hops: 1 latency: 0.330694
hops: 1 latency: 0.799878
hops: 2 latency: 1.115581
hops: 2 latency: 1.517577
hops: 1 latency: 0.714788
hops: 4 latency: 2.309184
hops: 4 latency: 2.068569
hops: 3 latency: 1.570719
hops: 3 latency: 1.821372
hops: 1 latency: 0.922043
hops: 2 latency: 1.275304
hops: 3 latency: 1.850976
hops: 3 latency: 2.942841
hops: 1 latency: 0.627316
hops: 2 latency: 1.497395
hops: 2 latency: 1.440925
hops: 1 latency: 0.60691
hops: 2 latency: 0.912614
hops: 1 latency: 0.591796
hops: 1 latency: 0.810248
hops: 1 latency: 0.487133
hops: 1 latency: 0.739541
hops: 1 latency: 0.728689
hops: 1 latency: 0.564948
hops: 3 latency: 2.234441
hops: 3 latency: 2.16854
hops: 2 latency: 0.972052
hops: 1 latency: 0.566813
hops: 2 latency: 1.407029
hops: 2 latency: 1.857865
hops: 2 latency: 2.145947
hops: 4 latency: 2.64956
hops: 2 latency: 1.058838
hops: 3 latency: 2.781742
hops: 2 latency: 1.422062
hops: 3 latency: 2.90953
hops: 1 latency: 0.468211
hops: 4 latency: 2.167871
hops: 1 latency: 0.965705
hops: 1 latency: 0.801504
hops: 2 latency: 1.414236
hops: 2 latency: 1.697069
hops: 1 latency: 0.454165
hops: 1 latency: 0.817033
hops: 4 latency: 1.999961
hops: 1 latency: 0.569026
hops: 3 latency: 1.849943
hops: 3 latency: 2.627769
hops: 4 latency: 3.097419
hops: 2 latency: 1.0084
hops: 2 latency: 1.26801
hops: 1 latency: 0.739953
hops: 3 latency: 1.504556
hops: 3 latency: 2.076485
hops: 3 latency: 2.089757
hops: 4 latency: 2.111919
hops: 4 latency: 2.249664
hops: 2 latency: 1.207831
hops: 4 latency: 2.672801
hops: 2 latency: 1.235412
hops: 3 latency: 1.422139
hops: 2 latency: 1.324939
hops: 4 latency: 2.869825
hops: 1 latency: 1.207418
hops: 1 latency: 0.695283
hops: 4 latency: 2.198297
hops: 2 latency: 1.02783
hops: 2 latency: 1.213246
hops: 1 latency: 0.553821
hops: 4 latency: 2.498454
hops: 2 latency: 1.490527
hops: 2 latency: 1.965606
hops: 1 latency: 0.507426
hops: 1 latency: 0.459862
hops: 2 latency: 1.196584
hops: 4 latency: 2.434629
hops: 3 latency: 2.175181
hops: 3 latency: 2.119266
hops: 2 latency: 1.171443
hops: 1 latency: 0.490804
hops: 3 latency: 1.860027
hops: 2 latency: 0.999067
hops: 4 latency: 2.525613
hops: 1 latency: 0.653122
hops: 2 latency: 1.492469
hops: 2 latency: 0.992657
hops: 1 latency: 0.779799
hops: 2 latency: 1.368841
hops: 2 latency: 1.075812
hops: 1 latency: 0.679621
hops: 3 latency: 1.753759
hops: 1 latency: 0.541882
hops: 1 latency: 0.527174
hops: 3 latency: 1.661704
hops: 3 latency: 1.42961
hops: 2 latency: 1.04811
hops: 3 latency: 1.908311
hops: 4 latency: 2.727784
hops: 1 latency: 0.649409
hops: 2 latency: 1.239519
hops: 1 latency: 0.46266
hops: 1 latency: 0.45946
hops: 1 latency: 0.448313
hops: 3 latency: 1.584757
hops: 4 latency: 2.141643
hops: 1 latency: 0.382995
hops: 1 latency: 0.374324
PASS
ok  	chord	41.415s
