finished launching servers
id: [170 46 205 123 228 246 234 23 225 244 153 241 87 134 15 147 9 208 175 220] ip: 127.0.0.1:15801
Finger table:
ith | start | successor
0   | 971572165496878305952323877182151287075790434269     | [176 139 210 236 142 186 23 142 144 101 141 31 192 92 249 238 255 216 77 46]
1   | 971572165496878305952323877182151287075790434270     | [176 139 210 236 142 186 23 142 144 101 141 31 192 92 249 238 255 216 77 46]
2   | 971572165496878305952323877182151287075790434272     | [176 139 210 236 142 186 23 142 144 101 141 31 192 92 249 238 255 216 77 46]
3   | 971572165496878305952323877182151287075790434276     | [176 139 210 236 142 186 23 142 144 101 141 31 192 92 249 238 255 216 77 46]
4   | 971572165496878305952323877182151287075790434284     | [176 139 210 236 142 186 23 142 144 101 141 31 192 92 249 238 255 216 77 46]
5   | 971572165496878305952323877182151287075790434300     | [176 139 210 236 142 186 23 142 144 101 141 31 192 92 249 238 255 216 77 46]
6   | 971572165496878305952323877182151287075790434332     | [176 139 210 236 142 186 23 142 144 101 141 31 192 92 249 238 255 216 77 46]
7   | 971572165496878305952323877182151287075790434396     | [176 139 210 236 142 186 23 142 144 101 141 31 192 92 249 238 255 216 77 46]
8   | 971572165496878305952323877182151287075790434524     | [176 139 210 236 142 186 23 142 144 101 141 31 192 92 249 238 255 216 77 46]
9   | 971572165496878305952323877182151287075790434780     | [176 139 210 236 142 186 23 142 144 101 141 31 192 92 249 238 255 216 77 46]
10   | 971572165496878305952323877182151287075790435292     | [176 139 210 236 142 186 23 142 144 101 141 31 192 92 249 238 255 216 77 46]
11   | 971572165496878305952323877182151287075790436316     | [176 139 210 236 142 186 23 142 144 101 141 31 192 92 249 238 255 216 77 46]
12   | 971572165496878305952323877182151287075790438364     | [176 139 210 236 142 186 23 142 144 101 141 31 192 92 249 238 255 216 77 46]
13   | 971572165496878305952323877182151287075790442460     | [176 139 210 236 142 186 23 142 144 101 141 31 192 92 249 238 255 216 77 46]
14   | 971572165496878305952323877182151287075790450652     | [176 139 210 236 142 186 23 142 144 101 141 31 192 92 249 238 255 216 77 46]
15   | 971572165496878305952323877182151287075790467036     | [176 139 210 236 142 186 23 142 144 101 141 31 192 92 249 238 255 216 77 46]
16   | 971572165496878305952323877182151287075790499804     | [176 139 210 236 142 186 23 142 144 101 141 31 192 92 249 238 255 216 77 46]
17   | 971572165496878305952323877182151287075790565340     | [176 139 210 236 142 186 23 142 144 101 141 31 192 92 249 238 255 216 77 46]
18   | 971572165496878305952323877182151287075790696412     | [176 139 210 236 142 186 23 142 144 101 141 31 192 92 249 238 255 216 77 46]
19   | 971572165496878305952323877182151287075790958556     | [176 139 210 236 142 186 23 142 144 101 141 31 192 92 249 238 255 216 77 46]
20   | 971572165496878305952323877182151287075791482844     | [176 139 210 236 142 186 23 142 144 101 141 31 192 92 249 238 255 216 77 46]
21   | 971572165496878305952323877182151287075792531420     | [176 139 210 236 142 186 23 142 144 101 141 31 192 92 249 238 255 216 77 46]
22   | 971572165496878305952323877182151287075794628572     | [176 139 210 236 142 186 23 142 144 101 141 31 192 92 249 238 255 216 77 46]
23   | 971572165496878305952323877182151287075798822876     | [176 139 210 236 142 186 23 142 144 101 141 31 192 92 249 238 255 216 77 46]
24   | 971572165496878305952323877182151287075807211484     | [176 139 210 236 142 186 23 142 144 101 141 31 192 92 249 238 255 216 77 46]
25   | 971572165496878305952323877182151287075823988700     | [176 139 210 236 142 186 23 142 144 101 141 31 192 92 249 238 255 216 77 46]
26   | 971572165496878305952323877182151287075857543132     | [176 139 210 236 142 186 23 142 144 101 141 31 192 92 249 238 255 216 77 46]
27   | 971572165496878305952323877182151287075924651996     | [176 139 210 236 142 186 23 142 144 101 141 31 192 92 249 238 255 216 77 46]
28   | 971572165496878305952323877182151287076058869724     | [176 139 210 236 142 186 23 142 144 101 141 31 192 92 249 238 255 216 77 46]
29   | 971572165496878305952323877182151287076327305180     | [176 139 210 236 142 186 23 142 144 101 141 31 192 92 249 238 255 216 77 46]
30   | 971572165496878305952323877182151287076864176092     | [176 139 210 236 142 186 23 142 144 101 141 31 192 92 249 238 255 216 77 46]
31   | 971572165496878305952323877182151287077937917916     | [176 139 210 236 142 186 23 142 144 101 141 31 192 92 249 238 255 216 77 46]
32   | 971572165496878305952323877182151287080085401564     | [176 139 210 236 142 186 23 142 144 101 141 31 192 92 249 238 255 216 77 46]
33   | 971572165496878305952323877182151287084380368860     | [176 139 210 236 142 186 23 142 144 101 141 31 192 92 249 238 255 216 77 46]
34   | 971572165496878305952323877182151287092970303452     | [176 139 210 236 142 186 23 142 144 101 141 31 192 92 249 238 255 216 77 46]
35   | 971572165496878305952323877182151287110150172636     | [176 139 210 236 142 186 23 142 144 101 141 31 192 92 249 238 255 216 77 46]
36   | 971572165496878305952323877182151287144509911004     | [176 139 210 236 142 186 23 142 144 101 141 31 192 92 249 238 255 216 77 46]
37   | 971572165496878305952323877182151287213229387740     | [176 139 210 236 142 186 23 142 144 101 141 31 192 92 249 238 255 216 77 46]
38   | 971572165496878305952323877182151287350668341212     | [176 139 210 236 142 186 23 142 144 101 141 31 192 92 249 238 255 216 77 46]
39   | 971572165496878305952323877182151287625546248156     | [176 139 210 236 142 186 23 142 144 101 141 31 192 92 249 238 255 216 77 46]
40   | 971572165496878305952323877182151288175302062044     | [176 139 210 236 142 186 23 142 144 101 141 31 192 92 249 238 255 216 77 46]
41   | 971572165496878305952323877182151289274813689820     | [176 139 210 236 142 186 23 142 144 101 141 31 192 92 249 238 255 216 77 46]
42   | 971572165496878305952323877182151291473836945372     | [176 139 210 236 142 186 23 142 144 101 141 31 192 92 249 238 255 216 77 46]
43   | 971572165496878305952323877182151295871883456476     | [176 139 210 236 142 186 23 142 144 101 141 31 192 92 249 238 255 216 77 46]
44   | 971572165496878305952323877182151304667976478684     | [176 139 210 236 142 186 23 142 144 101 141 31 192 92 249 238 255 216 77 46]
45   | 971572165496878305952323877182151322260162523100     | [176 139 210 236 142 186 23 142 144 101 141 31 192 92 249 238 255 216 77 46]
46   | 971572165496878305952323877182151357444534611932     | [176 139 210 236 142 186 23 142 144 101 141 31 192 92 249 238 255 216 77 46]
47   | 971572165496878305952323877182151427813278789596     | [176 139 210 236 142 186 23 142 144 101 141 31 192 92 249 238 255 216 77 46]
48   | 971572165496878305952323877182151568550767144924     | [176 139 210 236 142 186 23 142 144 101 141 31 192 92 249 238 255 216 77 46]
49   | 971572165496878305952323877182151850025743855580     | [176 139 210 236 142 186 23 142 144 101 141 31 192 92 249 238 255 216 77 46]
50   | 971572165496878305952323877182152412975697276892     | [176 139 210 236 142 186 23 142 144 101 141 31 192 92 249 238 255 216 77 46]
51   | 971572165496878305952323877182153538875604119516     | [176 139 210 236 142 186 23 142 144 101 141 31 192 92 249 238 255 216 77 46]
52   | 971572165496878305952323877182155790675417804764     | [176 139 210 236 142 186 23 142 144 101 141 31 192 92 249 238 255 216 77 46]
53   | 971572165496878305952323877182160294275045175260     | [176 139 210 236 142 186 23 142 144 101 141 31 192 92 249 238 255 216 77 46]
54   | 971572165496878305952323877182169301474299916252     | [176 139 210 236 142 186 23 142 144 101 141 31 192 92 249 238 255 216 77 46]
55   | 971572165496878305952323877182187315872809398236     | [176 139 210 236 142 186 23 142 144 101 141 31 192 92 249 238 255 216 77 46]
56   | 971572165496878305952323877182223344669828362204     | [176 139 210 236 142 186 23 142 144 101 141 31 192 92 249 238 255 216 77 46]
57   | 971572165496878305952323877182295402263866290140     | [176 139 210 236 142 186 23 142 144 101 141 31 192 92 249 238 255 216 77 46]
58   | 971572165496878305952323877182439517451942146012     | [176 139 210 236 142 186 23 142 144 101 141 31 192 92 249 238 255 216 77 46]
59   | 971572165496878305952323877182727747828093857756     | [176 139 210 236 142 186 23 142 144 101 141 31 192 92 249 238 255 216 77 46]
60   | 971572165496878305952323877183304208580397281244     | [176 139 210 236 142 186 23 142 144 101 141 31 192 92 249 238 255 216 77 46]
61   | 971572165496878305952323877184457130085004128220     | [176 139 210 236 142 186 23 142 144 101 141 31 192 92 249 238 255 216 77 46]
62   | 971572165496878305952323877186762973094217822172     | [176 139 210 236 142 186 23 142 144 101 141 31 192 92 249 238 255 216 77 46]
63   | 971572165496878305952323877191374659112645210076     | [176 139 210 236 142 186 23 142 144 101 141 31 192 92 249 238 255 216 77 46]
64   | 971572165496878305952323877200598031149499985884     | [176 139 210 236 142 186 23 142 144 101 141 31 192 92 249 238 255 216 77 46]
65   | 971572165496878305952323877219044775223209537500     | [176 139 210 236 142 186 23 142 144 101 141 31 192 92 249 238 255 216 77 46]
66   | 971572165496878305952323877255938263370628640732     | [176 139 210 236 142 186 23 142 144 101 141 31 192 92 249 238 255 216 77 46]
67   | 971572165496878305952323877329725239665466847196     | [176 139 210 236 142 186 23 142 144 101 141 31 192 92 249 238 255 216 77 46]
68   | 971572165496878305952323877477299192255143260124     | [176 139 210 236 142 186 23 142 144 101 141 31 192 92 249 238 255 216 77 46]
69   | 971572165496878305952323877772447097434496085980     | [176 139 210 236 142 186 23 142 144 101 141 31 192 92 249 238 255 216 77 46]
70   | 971572165496878305952323878362742907793201737692     | [176 139 210 236 142 186 23 142 144 101 141 31 192 92 249 238 255 216 77 46]
71   | 971572165496878305952323879543334528510613041116     | [176 139 210 236 142 186 23 142 144 101 141 31 192 92 249 238 255 216 77 46]
72   | 971572165496878305952323881904517769945435647964     | [176 139 210 236 142 186 23 142 144 101 141 31 192 92 249 238 255 216 77 46]
73   | 971572165496878305952323886626884252815080861660     | [176 139 210 236 142 186 23 142 144 101 141 31 192 92 249 238 255 216 77 46]
74   | 971572165496878305952323896071617218554371289052     | [176 139 210 236 142 186 23 142 144 101 141 31 192 92 249 238 255 216 77 46]
75   | 971572165496878305952323914961083150032952143836     | [176 139 210 236 142 186 23 142 144 101 141 31 192 92 249 238 255 216 77 46]
76   | 971572165496878305952323952740015012990113853404     | [176 139 210 236 142 186 23 142 144 101 141 31 192 92 249 238 255 216 77 46]
77   | 971572165496878305952324028297878738904437272540     | [176 139 210 236 142 186 23 142 144 101 141 31 192 92 249 238 255 216 77 46]
78   | 971572165496878305952324179413606190733084110812     | [176 139 210 236 142 186 23 142 144 101 141 31 192 92 249 238 255 216 77 46]
79   | 971572165496878305952324481645061094390377787356     | [176 139 210 236 142 186 23 142 144 101 141 31 192 92 249 238 255 216 77 46]
80   | 971572165496878305952325086107970901704965140444     | [176 139 210 236 142 186 23 142 144 101 141 31 192 92 249 238 255 216 77 46]
81   | 971572165496878305952326295033790516334139846620     | [176 139 210 236 142 186 23 142 144 101 141 31 192 92 249 238 255 216 77 46]
82   | 971572165496878305952328712885429745592489258972     | [176 139 210 236 142 186 23 142 144 101 141 31 192 92 249 238 255 216 77 46]
83   | 971572165496878305952333548588708204109188083676     | [176 139 210 236 142 186 23 142 144 101 141 31 192 92 249 238 255 216 77 46]
84   | 971572165496878305952343219995265121142585733084     | [176 139 210 236 142 186 23 142 144 101 141 31 192 92 249 238 255 216 77 46]
85   | 971572165496878305952362562808378955209381031900     | [176 139 210 236 142 186 23 142 144 101 141 31 192 92 249 238 255 216 77 46]
86   | 971572165496878305952401248434606623342971629532     | [176 139 210 236 142 186 23 142 144 101 141 31 192 92 249 238 255 216 77 46]
87   | 971572165496878305952478619687061959610152824796     | [176 139 210 236 142 186 23 142 144 101 141 31 192 92 249 238 255 216 77 46]
88   | 971572165496878305952633362191972632144515215324     | [176 139 210 236 142 186 23 142 144 101 141 31 192 92 249 238 255 216 77 46]
89   | 971572165496878305952942847201793977213239996380     | [176 139 210 236 142 186 23 142 144 101 141 31 192 92 249 238 255 216 77 46]
90   | 971572165496878305953561817221436667350689558492     | [176 139 210 236 142 186 23 142 144 101 141 31 192 92 249 238 255 216 77 46]
91   | 971572165496878305954799757260722047625588682716     | [176 139 210 236 142 186 23 142 144 101 141 31 192 92 249 238 255 216 77 46]
92   | 971572165496878305957275637339292808175386931164     | [176 139 210 236 142 186 23 142 144 101 141 31 192 92 249 238 255 216 77 46]
93   | 971572165496878305962227397496434329274983428060     | [176 139 210 236 142 186 23 142 144 101 141 31 192 92 249 238 255 216 77 46]
94   | 971572165496878305972130917810717371474176421852     | [176 139 210 236 142 186 23 142 144 101 141 31 192 92 249 238 255 216 77 46]
95   | 971572165496878305991937958439283455872562409436     | [176 139 210 236 142 186 23 142 144 101 141 31 192 92 249 238 255 216 77 46]
96   | 971572165496878306031552039696415624669334384604     | [176 139 210 236 142 186 23 142 144 101 141 31 192 92 249 238 255 216 77 46]
97   | 971572165496878306110780202210679962262878334940     | [176 139 210 236 142 186 23 142 144 101 141 31 192 92 249 238 255 216 77 46]
98   | 971572165496878306269236527239208637449966235612     | [176 139 210 236 142 186 23 142 144 101 141 31 192 92 249 238 255 216 77 46]
99   | 971572165496878306586149177296265987824142036956     | [176 139 210 236 142 186 23 142 144 101 141 31 192 92 249 238 255 216 77 46]
100   | 971572165496878307219974477410380688572493639644     | [176 139 210 236 142 186 23 142 144 101 141 31 192 92 249 238 255 216 77 46]
101   | 971572165496878308487625077638610090069196845020     | [176 139 210 236 142 186 23 142 144 101 141 31 192 92 249 238 255 216 77 46]
102   | 971572165496878311022926278095068893062603255772     | [176 139 210 236 142 186 23 142 144 101 141 31 192 92 249 238 255 216 77 46]
103   | 971572165496878316093528679007986499049416077276     | [176 139 210 236 142 186 23 142 144 101 141 31 192 92 249 238 255 216 77 46]
104   | 971572165496878326234733480833821711023041720284     | [176 139 210 236 142 186 23 142 144 101 141 31 192 92 249 238 255 216 77 46]
105   | 971572165496878346517143084485492134970293006300     | [176 139 210 236 142 186 23 142 144 101 141 31 192 92 249 238 255 216 77 46]
106   | 971572165496878387081962291788832982864795578332     | [176 139 210 236 142 186 23 142 144 101 141 31 192 92 249 238 255 216 77 46]
107   | 971572165496878468211600706395514678653800722396     | [176 139 210 236 142 186 23 142 144 101 141 31 192 92 249 238 255 216 77 46]
108   | 971572165496878630470877535608878070231811010524     | [176 139 210 236 142 186 23 142 144 101 141 31 192 92 249 238 255 216 77 46]
109   | 971572165496878954989431194035604853387831586780     | [176 139 210 236 142 186 23 142 144 101 141 31 192 92 249 238 255 216 77 46]
110   | 971572165496879604026538510889058419699872739292     | [176 139 210 236 142 186 23 142 144 101 141 31 192 92 249 238 255 216 77 46]
111   | 971572165496880902100753144595965552323955044316     | [176 139 210 236 142 186 23 142 144 101 141 31 192 92 249 238 255 216 77 46]
112   | 971572165496883498249182412009779817572119654364     | [176 139 210 236 142 186 23 142 144 101 141 31 192 92 249 238 255 216 77 46]
113   | 971572165496888690546040946837408348068448874460     | [176 139 210 236 142 186 23 142 144 101 141 31 192 92 249 238 255 216 77 46]
114   | 971572165496899075139758016492665409061107314652     | [176 139 210 236 142 186 23 142 144 101 141 31 192 92 249 238 255 216 77 46]
115   | 971572165496919844327192155803179531046424195036     | [176 139 210 236 142 186 23 142 144 101 141 31 192 92 249 238 255 216 77 46]
116   | 971572165496961382702060434424207775017057955804     | [176 139 210 236 142 186 23 142 144 101 141 31 192 92 249 238 255 216 77 46]
117   | 971572165497044459451796991666264262958325477340     | [176 139 210 236 142 186 23 142 144 101 141 31 192 92 249 238 255 216 77 46]
118   | 971572165497210612951270106150377238840860520412     | [176 139 210 236 142 186 23 142 144 101 141 31 192 92 249 238 255 216 77 46]
119   | 971572165497542919950216335118603190605930606556     | [176 139 210 236 142 186 23 142 144 101 141 31 192 92 249 238 255 216 77 46]
120   | 971572165498207533948108793055055094136070778844     | [176 139 210 236 142 186 23 142 144 101 141 31 192 92 249 238 255 216 77 46]
121   | 971572165499536761943893708927958901196351123420     | [176 139 210 236 142 186 23 142 144 101 141 31 192 92 249 238 255 216 77 46]
122   | 971572165502195217935463540673766515316911812572     | [176 139 210 236 142 186 23 142 144 101 141 31 192 92 249 238 255 216 77 46]
123   | 971572165507512129918603204165381743558033190876     | [176 139 210 236 142 186 23 142 144 101 141 31 192 92 249 238 255 216 77 46]
124   | 971572165518145953884882531148612200040275947484     | [176 139 210 236 142 186 23 142 144 101 141 31 192 92 249 238 255 216 77 46]
125   | 971572165539413601817441185115073113004761460700     | [176 139 210 236 142 186 23 142 144 101 141 31 192 92 249 238 255 216 77 46]
126   | 971572165581948897682558493047994938933732487132     | [176 139 210 236 142 186 23 142 144 101 141 31 192 92 249 238 255 216 77 46]
127   | 971572165667019489412793108913838590791674539996     | [176 139 210 236 142 186 23 142 144 101 141 31 192 92 249 238 255 216 77 46]
128   | 971572165837160672873262340645525894507558645724     | [176 139 210 236 142 186 23 142 144 101 141 31 192 92 249 238 255 216 77 46]
129   | 971572166177443039794200804108900501939326857180     | [176 139 210 236 142 186 23 142 144 101 141 31 192 92 249 238 255 216 77 46]
130   | 971572166858007773636077731035649716802863280092     | [176 139 210 236 142 186 23 142 144 101 141 31 192 92 249 238 255 216 77 46]
131   | 971572168219137241319831584889148146529936125916     | [176 139 210 236 142 186 23 142 144 101 141 31 192 92 249 238 255 216 77 46]
132   | 971572170941396176687339292596145005984081817564     | [176 139 210 236 142 186 23 142 144 101 141 31 192 92 249 238 255 216 77 46]
133   | 971572176385914047422354708010138724892373200860     | [176 139 210 236 142 186 23 142 144 101 141 31 192 92 249 238 255 216 77 46]
134   | 971572187274949788892385538838126162708955967452     | [176 139 210 236 142 186 23 142 144 101 141 31 192 92 249 238 255 216 77 46]
135   | 971572209053021271832447200494101038342121500636     | [176 139 210 236 142 186 23 142 144 101 141 31 192 92 249 238 255 216 77 46]
136   | 971572252609164237712570523806050789608452567004     | [176 139 210 236 142 186 23 142 144 101 141 31 192 92 249 238 255 216 77 46]
137   | 971572339721450169472817170429950292141114699740     | [176 139 210 236 142 186 23 142 144 101 141 31 192 92 249 238 255 216 77 46]
138   | 971572513946022032993310463677749297206438965212     | [176 139 210 236 142 186 23 142 144 101 141 31 192 92 249 238 255 216 77 46]
139   | 971572862395165760034297050173347307337087496156     | [176 139 210 236 142 186 23 142 144 101 141 31 192 92 249 238 255 216 77 46]
140   | 971573559293453214116270223164543327598384558044     | [176 139 210 236 142 186 23 142 144 101 141 31 192 92 249 238 255 216 77 46]
141   | 971574953090028122280216569146935368120978681820     | [176 139 210 236 142 186 23 142 144 101 141 31 192 92 249 238 255 216 77 46]
142   | 971577740683177938608109261111719449166166929372     | [176 139 210 236 142 186 23 142 144 101 141 31 192 92 249 238 255 216 77 46]
143   | 971583315869477571263894645041287611256543424476     | [176 139 210 236 142 186 23 142 144 101 141 31 192 92 249 238 255 216 77 46]
144   | 971594466242076836575465412900423935437296414684     | [176 139 210 236 142 186 23 142 144 101 141 31 192 92 249 238 255 216 77 46]
145   | 971616766987275367198606948618696583798802395100     | [176 139 210 236 142 186 23 142 144 101 141 31 192 92 249 238 255 216 77 46]
146   | 971661368477672428444890020055241880521814355932     | [176 139 210 236 142 186 23 142 144 101 141 31 192 92 249 238 255 216 77 46]
147   | 971750571458466550937456162928332473967838277596     | [176 139 210 236 142 186 23 142 144 101 141 31 192 92 249 238 255 216 77 46]
148   | 971928977420054795922588448674513660859886120924     | [176 139 210 236 142 186 23 142 144 101 141 31 192 92 249 238 255 216 77 46]
149   | 972285789343231285892853020166876034643981807580     | [176 139 210 236 142 186 23 142 144 101 141 31 192 92 249 238 255 216 77 46]
150   | 972999413189584265833382163151600782212173180892     | [176 139 210 236 142 186 23 142 144 101 141 31 192 92 249 238 255 216 77 46]
151   | 974426660882290225714440449121050277348555927516     | [176 139 210 236 142 186 23 142 144 101 141 31 192 92 249 238 255 216 77 46]
152   | 977281156267702145476557021059949267621321420764     | [176 139 210 236 142 186 23 142 144 101 141 31 192 92 249 238 255 216 77 46]
153   | 982990147038525985000790164937747248166852407260     | [176 139 210 236 142 186 23 142 144 101 141 31 192 92 249 238 255 216 77 46]
154   | 994408128580173664049256452693343209257914380252     | [176 139 210 236 142 186 23 142 144 101 141 31 192 92 249 238 255 216 77 46]
155   | 1017244091663469022146189028204535131440038326236     | [201 102 189 202 42 101 50 245 167 31 40 172 150 29 126 47 198 70 70 156]
156   | 1062916017830059738340054179226918975804286218204     | [201 102 189 202 42 101 50 245 167 31 40 172 150 29 126 47 198 70 70 156]
157   | 1154259870163241170727784481271686664532782002140     | [207 186 119 119 38 252 253 18 50 213 247 239 28 9 2 217 21 239 124 34]
158   | 1336947574829604035503245085361222041989773570012     | [237 166 104 149 39 82 106 244 254 140 195 75 155 194 37 231 241 203 74 125]
159   | 240821346831426846850481460824009777247824162780     | [70 100 220 124 126 134 190 11 179 99 5 220 152 55 106 255 41 82 167 133]
Predecessor: [161 100 194 21 166 94 23 61 35 114 206 171 158 30 232 171 249 226 151 187]
hops: 1 latency: 0.847844
hops: 1 latency: 0.953555
hops: 2 latency: 3.100011
hops: 3 latency: 4.467209
hops: 1 latency: 1.810709
hops: 1 latency: 0.690103
hops: 1 latency: 0.74235
hops: 4 latency: 7.901122
hops: 1 latency: 0.547667
hops: 1 latency: 0.681179
hops: 1 latency: 0.442691
hops: 2 latency: 2.170537
hops: 2 latency: 1.199551
hops: 3 latency: 2.193475
hops: 1 latency: 0.729262
hops: 1 latency: 0.646842
hops: 3 latency: 1.605058
hops: 1 latency: 0.746262
hops: 2 latency: 1.916406
hops: 1 latency: 0.700936
hops: 1 latency: 0.6599
hops: 2 latency: 1.767863
hops: 2 latency: 1.255222
hops: 2 latency: 1.101478
hops: 2 latency: 1.340568
hops: 1 latency: 0.770745
hops: 3 latency: 2.149237
hops: 3 latency: 2.068214
hops: 3 latency: 1.843679
hops: 4 latency: 4.849519
hops: 2 latency: 1.738035
hops: 3 latency: 5.191164
hops: 2 latency: 3.936647
hops: 2 latency: 1.668667
hops: 3 latency: 1.599149
hops: 1 latency: 0.629253
hops: 2 latency: 1.779059
hops: 4 latency: 2.711187
hops: 1 latency: 0.561303
hops: 2 latency: 1.41704
hops: 3 latency: 1.828391
hops: 2 latency: 1.515066
hops: 3 latency: 3.078423
hops: 1 latency: 0.997533
hops: 3 latency: 1.964731
hops: 2 latency: 1.304157
hops: 2 latency: 2.621248
hops: 4 latency: 4.716394
hops: 2 latency: 1.18051
hops: 1 latency: 0.657028
hops: 1 latency: 0.702144
hops: 3 latency: 2.36574
hops: 2 latency: 3.097933
hops: 3 latency: 2.050982
hops: 3 latency: 2.069144
hops: 3 latency: 3.95135
hops: 2 latency: 2.886777
hops: 3 latency: 1.667324
hops: 1 latency: 0.517439
hops: 3 latency: 2.619394
hops: 2 latency: 1.149407
hops: 4 latency: 3.133194
hops: 2 latency: 1.379171
hops: 1 latency: 0.698249
hops: 3 latency: 2.174429
hops: 3 latency: 2.612178
hops: 2 latency: 1.908708
hops: 2 latency: 1.861455
hops: 4 latency: 3.186416
hops: 2 latency: 1.908939
hops: 2 latency: 1.973472
hops: 1 latency: 0.478977
hops: 2 latency: 2.550566
hops: 3 latency: 4.104471
hops: 1 latency: 0.700181
hops: 3 latency: 1.952139
hops: 3 latency: 2.789189
hops: 1 latency: 1.148865
hops: 1 latency: 0.712936
hops: 1 latency: 0.680516
hops: 2 latency: 1.622048
hops: 3 latency: 1.933386
hops: 2 latency: 1.405454
hops: 2 latency: 2.549869
hops: 3 latency: 2.980936
hops: 4 latency: 3.390095
hops: 1 latency: 1.485603
hops: 2 latency: 2.107198
hops: 2 latency: 2.198317
hops: 2 latency: 1.216954
hops: 1 latency: 0.59391
hops: 2 latency: 1.461006
hops: 2 latency: 1.584966
hops: 3 latency: 3.246098
hops: 1 latency: 1.320853
hops: 2 latency: 1.890621
hops: 2 latency: 2.023485
hops: 2 latency: 2.956026
hops: 3 latency: 2.070407
hops: 3 latency: 1.753321
hops: 1 latency: 1.01478
hops: 1 latency: 0.761404
hops: 3 latency: 4.895505
hops: 2 latency: 1.584265
hops: 1 latency: 0.695735
hops: 4 latency: 2.89519
hops: 2 latency: 1.986544
hops: 1 latency: 0.667564
hops: 2 latency: 1.420251
hops: 2 latency: 1.455562
hops: 2 latency: 3.552547
hops: 2 latency: 1.323067
hops: 3 latency: 4.638746
hops: 3 latency: 2.585684
hops: 3 latency: 3.185494
hops: 2 latency: 2.707947
hops: 1 latency: 0.689174
hops: 2 latency: 1.235396
hops: 4 latency: 4.472508
hops: 2 latency: 3.536428
hops: 2 latency: 1.486245
hops: 3 latency: 2.457207
hops: 3 latency: 3.020933
hops: 3 latency: 3.504755
hops: 1 latency: 0.646442
hops: 1 latency: 0.6
hops: 3 latency: 2.773428
hops: 2 latency: 3.34237
hops: 2 latency: 2.039123
hops: 2 latency: 1.339888
hops: 2 latency: 1.996346
hops: 2 latency: 1.372878
hops: 1 latency: 0.715778
hops: 2 latency: 27.619814
hops: 1 latency: 2.52195
hops: 1 latency: 3.825741
hops: 3 latency: 10.257062
hops: 2 latency: 8.906275
hops: 2 latency: 4.687567
hops: 1 latency: 1.382652
hops: 2 latency: 1.466566
hops: 1 latency: 0.789589
hops: 2 latency: 1.385442
hops: 3 latency: 2.189244
hops: 2 latency: 2.060377
hops: 3 latency: 2.19636
hops: 3 latency: 2.567124
hops: 1 latency: 0.535381
hops: 2 latency: 1.151791
hops: 2 latency: 1.544692
hops: 4 latency: 2.962078
hops: 2 latency: 2.007372
hops: 2 latency: 1.47022
hops: 3 latency: 1.960014
hops: 2 latency: 1.856362
hops: 2 latency: 2.454897
hops: 3 latency: 2.348751
hops: 1 latency: 0.74938
hops: 4 latency: 2.426174
hops: 1 latency: 0.597604
hops: 1 latency: 0.990681
hops: 3 latency: 2.610622
hops: 1 latency: 0.67456
hops: 2 latency: 1.170949
hops: 2 latency: 1.244394
hops: 1 latency: 0.400508
hops: 2 latency: 1.593468
hops: 2 latency: 1.540815
hops: 2 latency: 1.248942
hops: 2 latency: 1.414155
hops: 2 latency: 1.226992
hops: 4 latency: 3.604647
hops: 1 latency: 2.406193
hops: 2 latency: 2.125318
hops: 2 latency: 1.187549
hops: 1 latency: 0.786483
hops: 2 latency: 1.321982
hops: 4 latency: 3.724771
hops: 1 latency: 1.110499
hops: 3 latency: 1.912681
hops: 3 latency: 2.538196
hops: 2 latency: 2.134299
hops: 2 latency: 1.488496
hops: 1 latency: 1.009472
hops: 1 latency: 0.718789
hops: 3 latency: 2.244312
hops: 4 latency: 6.280738
hops: 3 latency: 3.163292
hops: 3 latency: 1.829858
hops: 2 latency: 1.316792
hops: 1 latency: 0.362377
hops: 2 latency: 1.425053
hops: 1 latency: 0.736569
hops: 2 latency: 2.551583
hops: 3 latency: 2.84344
hops: 2 latency: 1.476525
hops: 3 latency: 1.918343
hops: 1 latency: 0.778897
hops: 3 latency: 2.232122
hops: 3 latency: 1.761964
PASS
ok  	chord	41.848s
