finished launching servers
id: [248 217 58 139 195 17 117 32 105 241 53 29 123 23 238 187 232 181 38 216] ip: 127.0.0.1:12904
Finger table:
ith | start | successor
0   | 1420674072943516495170950901125148598220677785305     | [251 216 53 220 90 225 176 134 193 155 204 151 159 208 118 37 255 207 221 36]
1   | 1420674072943516495170950901125148598220677785306     | [251 216 53 220 90 225 176 134 193 155 204 151 159 208 118 37 255 207 221 36]
2   | 1420674072943516495170950901125148598220677785308     | [251 216 53 220 90 225 176 134 193 155 204 151 159 208 118 37 255 207 221 36]
3   | 1420674072943516495170950901125148598220677785312     | [251 216 53 220 90 225 176 134 193 155 204 151 159 208 118 37 255 207 221 36]
4   | 1420674072943516495170950901125148598220677785320     | [251 216 53 220 90 225 176 134 193 155 204 151 159 208 118 37 255 207 221 36]
5   | 1420674072943516495170950901125148598220677785336     | [251 216 53 220 90 225 176 134 193 155 204 151 159 208 118 37 255 207 221 36]
6   | 1420674072943516495170950901125148598220677785368     | [251 216 53 220 90 225 176 134 193 155 204 151 159 208 118 37 255 207 221 36]
7   | 1420674072943516495170950901125148598220677785432     | [251 216 53 220 90 225 176 134 193 155 204 151 159 208 118 37 255 207 221 36]
8   | 1420674072943516495170950901125148598220677785560     | [251 216 53 220 90 225 176 134 193 155 204 151 159 208 118 37 255 207 221 36]
9   | 1420674072943516495170950901125148598220677785816     | [251 216 53 220 90 225 176 134 193 155 204 151 159 208 118 37 255 207 221 36]
10   | 1420674072943516495170950901125148598220677786328     | [251 216 53 220 90 225 176 134 193 155 204 151 159 208 118 37 255 207 221 36]
11   | 1420674072943516495170950901125148598220677787352     | [251 216 53 220 90 225 176 134 193 155 204 151 159 208 118 37 255 207 221 36]
12   | 1420674072943516495170950901125148598220677789400     | [251 216 53 220 90 225 176 134 193 155 204 151 159 208 118 37 255 207 221 36]
13   | 1420674072943516495170950901125148598220677793496     | [251 216 53 220 90 225 176 134 193 155 204 151 159 208 118 37 255 207 221 36]
14   | 1420674072943516495170950901125148598220677801688     | [251 216 53 220 90 225 176 134 193 155 204 151 159 208 118 37 255 207 221 36]
15   | 1420674072943516495170950901125148598220677818072     | [251 216 53 220 90 225 176 134 193 155 204 151 159 208 118 37 255 207 221 36]
16   | 1420674072943516495170950901125148598220677850840     | [251 216 53 220 90 225 176 134 193 155 204 151 159 208 118 37 255 207 221 36]
17   | 1420674072943516495170950901125148598220677916376     | [251 216 53 220 90 225 176 134 193 155 204 151 159 208 118 37 255 207 221 36]
18   | 1420674072943516495170950901125148598220678047448     | [251 216 53 220 90 225 176 134 193 155 204 151 159 208 118 37 255 207 221 36]
19   | 1420674072943516495170950901125148598220678309592     | [251 216 53 220 90 225 176 134 193 155 204 151 159 208 118 37 255 207 221 36]
20   | 1420674072943516495170950901125148598220678833880     | [251 216 53 220 90 225 176 134 193 155 204 151 159 208 118 37 255 207 221 36]
21   | 1420674072943516495170950901125148598220679882456     | [251 216 53 220 90 225 176 134 193 155 204 151 159 208 118 37 255 207 221 36]
22   | 1420674072943516495170950901125148598220681979608     | [251 216 53 220 90 225 176 134 193 155 204 151 159 208 118 37 255 207 221 36]
23   | 1420674072943516495170950901125148598220686173912     | [251 216 53 220 90 225 176 134 193 155 204 151 159 208 118 37 255 207 221 36]
24   | 1420674072943516495170950901125148598220694562520     | [251 216 53 220 90 225 176 134 193 155 204 151 159 208 118 37 255 207 221 36]
25   | 1420674072943516495170950901125148598220711339736     | [251 216 53 220 90 225 176 134 193 155 204 151 159 208 118 37 255 207 221 36]
26   | 1420674072943516495170950901125148598220744894168     | [251 216 53 220 90 225 176 134 193 155 204 151 159 208 118 37 255 207 221 36]
27   | 1420674072943516495170950901125148598220812003032     | [251 216 53 220 90 225 176 134 193 155 204 151 159 208 118 37 255 207 221 36]
28   | 1420674072943516495170950901125148598220946220760     | [251 216 53 220 90 225 176 134 193 155 204 151 159 208 118 37 255 207 221 36]
29   | 1420674072943516495170950901125148598221214656216     | [251 216 53 220 90 225 176 134 193 155 204 151 159 208 118 37 255 207 221 36]
30   | 1420674072943516495170950901125148598221751527128     | [251 216 53 220 90 225 176 134 193 155 204 151 159 208 118 37 255 207 221 36]
31   | 1420674072943516495170950901125148598222825268952     | [251 216 53 220 90 225 176 134 193 155 204 151 159 208 118 37 255 207 221 36]
32   | 1420674072943516495170950901125148598224972752600     | [251 216 53 220 90 225 176 134 193 155 204 151 159 208 118 37 255 207 221 36]
33   | 1420674072943516495170950901125148598229267719896     | [251 216 53 220 90 225 176 134 193 155 204 151 159 208 118 37 255 207 221 36]
34   | 1420674072943516495170950901125148598237857654488     | [251 216 53 220 90 225 176 134 193 155 204 151 159 208 118 37 255 207 221 36]
35   | 1420674072943516495170950901125148598255037523672     | [251 216 53 220 90 225 176 134 193 155 204 151 159 208 118 37 255 207 221 36]
36   | 1420674072943516495170950901125148598289397262040     | [251 216 53 220 90 225 176 134 193 155 204 151 159 208 118 37 255 207 221 36]
37   | 1420674072943516495170950901125148598358116738776     | [251 216 53 220 90 225 176 134 193 155 204 151 159 208 118 37 255 207 221 36]
38   | 1420674072943516495170950901125148598495555692248     | [251 216 53 220 90 225 176 134 193 155 204 151 159 208 118 37 255 207 221 36]
39   | 1420674072943516495170950901125148598770433599192     | [251 216 53 220 90 225 176 134 193 155 204 151 159 208 118 37 255 207 221 36]
40   | 1420674072943516495170950901125148599320189413080     | [251 216 53 220 90 225 176 134 193 155 204 151 159 208 118 37 255 207 221 36]
41   | 1420674072943516495170950901125148600419701040856     | [251 216 53 220 90 225 176 134 193 155 204 151 159 208 118 37 255 207 221 36]
42   | 1420674072943516495170950901125148602618724296408     | [251 216 53 220 90 225 176 134 193 155 204 151 159 208 118 37 255 207 221 36]
43   | 1420674072943516495170950901125148607016770807512     | [251 216 53 220 90 225 176 134 193 155 204 151 159 208 118 37 255 207 221 36]
44   | 1420674072943516495170950901125148615812863829720     | [251 216 53 220 90 225 176 134 193 155 204 151 159 208 118 37 255 207 221 36]
45   | 1420674072943516495170950901125148633405049874136     | [251 216 53 220 90 225 176 134 193 155 204 151 159 208 118 37 255 207 221 36]
46   | 1420674072943516495170950901125148668589421962968     | [251 216 53 220 90 225 176 134 193 155 204 151 159 208 118 37 255 207 221 36]
47   | 1420674072943516495170950901125148738958166140632     | [251 216 53 220 90 225 176 134 193 155 204 151 159 208 118 37 255 207 221 36]
48   | 1420674072943516495170950901125148879695654495960     | [251 216 53 220 90 225 176 134 193 155 204 151 159 208 118 37 255 207 221 36]
49   | 1420674072943516495170950901125149161170631206616     | [251 216 53 220 90 225 176 134 193 155 204 151 159 208 118 37 255 207 221 36]
50   | 1420674072943516495170950901125149724120584627928     | [251 216 53 220 90 225 176 134 193 155 204 151 159 208 118 37 255 207 221 36]
51   | 1420674072943516495170950901125150850020491470552     | [251 216 53 220 90 225 176 134 193 155 204 151 159 208 118 37 255 207 221 36]
52   | 1420674072943516495170950901125153101820305155800     | [251 216 53 220 90 225 176 134 193 155 204 151 159 208 118 37 255 207 221 36]
53   | 1420674072943516495170950901125157605419932526296     | [251 216 53 220 90 225 176 134 193 155 204 151 159 208 118 37 255 207 221 36]
54   | 1420674072943516495170950901125166612619187267288     | [251 216 53 220 90 225 176 134 193 155 204 151 159 208 118 37 255 207 221 36]
55   | 1420674072943516495170950901125184627017696749272     | [251 216 53 220 90 225 176 134 193 155 204 151 159 208 118 37 255 207 221 36]
56   | 1420674072943516495170950901125220655814715713240     | [251 216 53 220 90 225 176 134 193 155 204 151 159 208 118 37 255 207 221 36]
57   | 1420674072943516495170950901125292713408753641176     | [251 216 53 220 90 225 176 134 193 155 204 151 159 208 118 37 255 207 221 36]
58   | 1420674072943516495170950901125436828596829497048     | [251 216 53 220 90 225 176 134 193 155 204 151 159 208 118 37 255 207 221 36]
59   | 1420674072943516495170950901125725058972981208792     | [251 216 53 220 90 225 176 134 193 155 204 151 159 208 118 37 255 207 221 36]
60   | 1420674072943516495170950901126301519725284632280     | [251 216 53 220 90 225 176 134 193 155 204 151 159 208 118 37 255 207 221 36]
61   | 1420674072943516495170950901127454441229891479256     | [251 216 53 220 90 225 176 134 193 155 204 151 159 208 118 37 255 207 221 36]
62   | 1420674072943516495170950901129760284239105173208     | [251 216 53 220 90 225 176 134 193 155 204 151 159 208 118 37 255 207 221 36]
63   | 1420674072943516495170950901134371970257532561112     | [251 216 53 220 90 225 176 134 193 155 204 151 159 208 118 37 255 207 221 36]
64   | 1420674072943516495170950901143595342294387336920     | [251 216 53 220 90 225 176 134 193 155 204 151 159 208 118 37 255 207 221 36]
65   | 1420674072943516495170950901162042086368096888536     | [251 216 53 220 90 225 176 134 193 155 204 151 159 208 118 37 255 207 221 36]
66   | 1420674072943516495170950901198935574515515991768     | [251 216 53 220 90 225 176 134 193 155 204 151 159 208 118 37 255 207 221 36]
67   | 1420674072943516495170950901272722550810354198232     | [251 216 53 220 90 225 176 134 193 155 204 151 159 208 118 37 255 207 221 36]
68   | 1420674072943516495170950901420296503400030611160     | [251 216 53 220 90 225 176 134 193 155 204 151 159 208 118 37 255 207 221 36]
69   | 1420674072943516495170950901715444408579383437016     | [251 216 53 220 90 225 176 134 193 155 204 151 159 208 118 37 255 207 221 36]
70   | 1420674072943516495170950902305740218938089088728     | [251 216 53 220 90 225 176 134 193 155 204 151 159 208 118 37 255 207 221 36]
71   | 1420674072943516495170950903486331839655500392152     | [251 216 53 220 90 225 176 134 193 155 204 151 159 208 118 37 255 207 221 36]
72   | 1420674072943516495170950905847515081090322999000     | [251 216 53 220 90 225 176 134 193 155 204 151 159 208 118 37 255 207 221 36]
73   | 1420674072943516495170950910569881563959968212696     | [251 216 53 220 90 225 176 134 193 155 204 151 159 208 118 37 255 207 221 36]
74   | 1420674072943516495170950920014614529699258640088     | [251 216 53 220 90 225 176 134 193 155 204 151 159 208 118 37 255 207 221 36]
75   | 1420674072943516495170950938904080461177839494872     | [251 216 53 220 90 225 176 134 193 155 204 151 159 208 118 37 255 207 221 36]
76   | 1420674072943516495170950976683012324135001204440     | [251 216 53 220 90 225 176 134 193 155 204 151 159 208 118 37 255 207 221 36]
77   | 1420674072943516495170951052240876050049324623576     | [251 216 53 220 90 225 176 134 193 155 204 151 159 208 118 37 255 207 221 36]
78   | 1420674072943516495170951203356603501877971461848     | [251 216 53 220 90 225 176 134 193 155 204 151 159 208 118 37 255 207 221 36]
79   | 1420674072943516495170951505588058405535265138392     | [251 216 53 220 90 225 176 134 193 155 204 151 159 208 118 37 255 207 221 36]
80   | 1420674072943516495170952110050968212849852491480     | [251 216 53 220 90 225 176 134 193 155 204 151 159 208 118 37 255 207 221 36]
81   | 1420674072943516495170953318976787827479027197656     | [251 216 53 220 90 225 176 134 193 155 204 151 159 208 118 37 255 207 221 36]
82   | 1420674072943516495170955736828427056737376610008     | [251 216 53 220 90 225 176 134 193 155 204 151 159 208 118 37 255 207 221 36]
83   | 1420674072943516495170960572531705515254075434712     | [251 216 53 220 90 225 176 134 193 155 204 151 159 208 118 37 255 207 221 36]
84   | 1420674072943516495170970243938262432287473084120     | [251 216 53 220 90 225 176 134 193 155 204 151 159 208 118 37 255 207 221 36]
85   | 1420674072943516495170989586751376266354268382936     | [251 216 53 220 90 225 176 134 193 155 204 151 159 208 118 37 255 207 221 36]
86   | 1420674072943516495171028272377603934487858980568     | [251 216 53 220 90 225 176 134 193 155 204 151 159 208 118 37 255 207 221 36]
87   | 1420674072943516495171105643630059270755040175832     | [251 216 53 220 90 225 176 134 193 155 204 151 159 208 118 37 255 207 221 36]
88   | 1420674072943516495171260386134969943289402566360     | [251 216 53 220 90 225 176 134 193 155 204 151 159 208 118 37 255 207 221 36]
89   | 1420674072943516495171569871144791288358127347416     | [251 216 53 220 90 225 176 134 193 155 204 151 159 208 118 37 255 207 221 36]
90   | 1420674072943516495172188841164433978495576909528     | [251 216 53 220 90 225 176 134 193 155 204 151 159 208 118 37 255 207 221 36]
91   | 1420674072943516495173426781203719358770476033752     | [251 216 53 220 90 225 176 134 193 155 204 151 159 208 118 37 255 207 221 36]
92   | 1420674072943516495175902661282290119320274282200     | [251 216 53 220 90 225 176 134 193 155 204 151 159 208 118 37 255 207 221 36]
93   | 1420674072943516495180854421439431640419870779096     | [251 216 53 220 90 225 176 134 193 155 204 151 159 208 118 37 255 207 221 36]
94   | 1420674072943516495190757941753714682619063772888     | [251 216 53 220 90 225 176 134 193 155 204 151 159 208 118 37 255 207 221 36]
95   | 1420674072943516495210564982382280767017449760472     | [251 216 53 220 90 225 176 134 193 155 204 151 159 208 118 37 255 207 221 36]
96   | 1420674072943516495250179063639412935814221735640     | [251 216 53 220 90 225 176 134 193 155 204 151 159 208 118 37 255 207 221 36]
97   | 1420674072943516495329407226153677273407765685976     | [251 216 53 220 90 225 176 134 193 155 204 151 159 208 118 37 255 207 221 36]
98   | 1420674072943516495487863551182205948594853586648     | [251 216 53 220 90 225 176 134 193 155 204 151 159 208 118 37 255 207 221 36]
99   | 1420674072943516495804776201239263298969029387992     | [251 216 53 220 90 225 176 134 193 155 204 151 159 208 118 37 255 207 221 36]
100   | 1420674072943516496438601501353377999717380990680     | [251 216 53 220 90 225 176 134 193 155 204 151 159 208 118 37 255 207 221 36]
101   | 1420674072943516497706252101581607401214084196056     | [251 216 53 220 90 225 176 134 193 155 204 151 159 208 118 37 255 207 221 36]
102   | 1420674072943516500241553302038066204207490606808     | [251 216 53 220 90 225 176 134 193 155 204 151 159 208 118 37 255 207 221 36]
103   | 1420674072943516505312155702950983810194303428312     | [251 216 53 220 90 225 176 134 193 155 204 151 159 208 118 37 255 207 221 36]
104   | 1420674072943516515453360504776819022167929071320     | [251 216 53 220 90 225 176 134 193 155 204 151 159 208 118 37 255 207 221 36]
105   | 1420674072943516535735770108428489446115180357336     | [251 216 53 220 90 225 176 134 193 155 204 151 159 208 118 37 255 207 221 36]
106   | 1420674072943516576300589315731830294009682929368     | [251 216 53 220 90 225 176 134 193 155 204 151 159 208 118 37 255 207 221 36]
107   | 1420674072943516657430227730338511989798688073432     | [251 216 53 220 90 225 176 134 193 155 204 151 159 208 118 37 255 207 221 36]
108   | 1420674072943516819689504559551875381376698361560     | [251 216 53 220 90 225 176 134 193 155 204 151 159 208 118 37 255 207 221 36]
109   | 1420674072943517144208058217978602164532718937816     | [251 216 53 220 90 225 176 134 193 155 204 151 159 208 118 37 255 207 221 36]
110   | 1420674072943517793245165534832055730844760090328     | [251 216 53 220 90 225 176 134 193 155 204 151 159 208 118 37 255 207 221 36]
111   | 1420674072943519091319380168538962863468842395352     | [251 216 53 220 90 225 176 134 193 155 204 151 159 208 118 37 255 207 221 36]
112   | 1420674072943521687467809435952777128717007005400     | [251 216 53 220 90 225 176 134 193 155 204 151 159 208 118 37 255 207 221 36]
113   | 1420674072943526879764667970780405659213336225496     | [251 216 53 220 90 225 176 134 193 155 204 151 159 208 118 37 255 207 221 36]
114   | 1420674072943537264358385040435662720205994665688     | [251 216 53 220 90 225 176 134 193 155 204 151 159 208 118 37 255 207 221 36]
115   | 1420674072943558033545819179746176842191311546072     | [251 216 53 220 90 225 176 134 193 155 204 151 159 208 118 37 255 207 221 36]
116   | 1420674072943599571920687458367205086161945306840     | [251 216 53 220 90 225 176 134 193 155 204 151 159 208 118 37 255 207 221 36]
117   | 1420674072943682648670424015609261574103212828376     | [251 216 53 220 90 225 176 134 193 155 204 151 159 208 118 37 255 207 221 36]
118   | 1420674072943848802169897130093374549985747871448     | [251 216 53 220 90 225 176 134 193 155 204 151 159 208 118 37 255 207 221 36]
119   | 1420674072944181109168843359061600501750817957592     | [251 216 53 220 90 225 176 134 193 155 204 151 159 208 118 37 255 207 221 36]
120   | 1420674072944845723166735816998052405280958129880     | [251 216 53 220 90 225 176 134 193 155 204 151 159 208 118 37 255 207 221 36]
121   | 1420674072946174951162520732870956212341238474456     | [251 216 53 220 90 225 176 134 193 155 204 151 159 208 118 37 255 207 221 36]
122   | 1420674072948833407154090564616763826461799163608     | [251 216 53 220 90 225 176 134 193 155 204 151 159 208 118 37 255 207 221 36]
123   | 1420674072954150319137230228108379054702920541912     | [251 216 53 220 90 225 176 134 193 155 204 151 159 208 118 37 255 207 221 36]
124   | 1420674072964784143103509555091609511185163298520     | [251 216 53 220 90 225 176 134 193 155 204 151 159 208 118 37 255 207 221 36]
125   | 1420674072986051791036068209058070424149648811736     | [251 216 53 220 90 225 176 134 193 155 204 151 159 208 118 37 255 207 221 36]
126   | 1420674073028587086901185516990992250078619838168     | [251 216 53 220 90 225 176 134 193 155 204 151 159 208 118 37 255 207 221 36]
127   | 1420674073113657678631420132856835901936561891032     | [251 216 53 220 90 225 176 134 193 155 204 151 159 208 118 37 255 207 221 36]
128   | 1420674073283798862091889364588523205652445996760     | [251 216 53 220 90 225 176 134 193 155 204 151 159 208 118 37 255 207 221 36]
129   | 1420674073624081229012827828051897813084214208216     | [251 216 53 220 90 225 176 134 193 155 204 151 159 208 118 37 255 207 221 36]
130   | 1420674074304645962854704754978647027947750631128     | [251 216 53 220 90 225 176 134 193 155 204 151 159 208 118 37 255 207 221 36]
131   | 1420674075665775430538458608832145457674823476952     | [251 216 53 220 90 225 176 134 193 155 204 151 159 208 118 37 255 207 221 36]
132   | 1420674078388034365905966316539142317128969168600     | [251 216 53 220 90 225 176 134 193 155 204 151 159 208 118 37 255 207 221 36]
133   | 1420674083832552236640981731953136036037260551896     | [251 216 53 220 90 225 176 134 193 155 204 151 159 208 118 37 255 207 221 36]
134   | 1420674094721587978111012562781123473853843318488     | [251 216 53 220 90 225 176 134 193 155 204 151 159 208 118 37 255 207 221 36]
135   | 1420674116499659461051074224437098349487008851672     | [251 216 53 220 90 225 176 134 193 155 204 151 159 208 118 37 255 207 221 36]
136   | 1420674160055802426931197547749048100753339918040     | [251 216 53 220 90 225 176 134 193 155 204 151 159 208 118 37 255 207 221 36]
137   | 1420674247168088358691444194372947603286002050776     | [251 216 53 220 90 225 176 134 193 155 204 151 159 208 118 37 255 207 221 36]
138   | 1420674421392660222211937487620746608351326316248     | [251 216 53 220 90 225 176 134 193 155 204 151 159 208 118 37 255 207 221 36]
139   | 1420674769841803949252924074116344618481974847192     | [251 216 53 220 90 225 176 134 193 155 204 151 159 208 118 37 255 207 221 36]
140   | 1420675466740091403334897247107540638743271909080     | [251 216 53 220 90 225 176 134 193 155 204 151 159 208 118 37 255 207 221 36]
141   | 1420676860536666311498843593089932679265866032856     | [251 216 53 220 90 225 176 134 193 155 204 151 159 208 118 37 255 207 221 36]
142   | 1420679648129816127826736285054716760311054280408     | [251 216 53 220 90 225 176 134 193 155 204 151 159 208 118 37 255 207 221 36]
143   | 1420685223316115760482521668984284922401430775512     | [251 216 53 220 90 225 176 134 193 155 204 151 159 208 118 37 255 207 221 36]
144   | 1420696373688715025794092436843421246582183765720     | [251 216 53 220 90 225 176 134 193 155 204 151 159 208 118 37 255 207 221 36]
145   | 1420718674433913556417233972561693894943689746136     | [251 216 53 220 90 225 176 134 193 155 204 151 159 208 118 37 255 207 221 36]
146   | 1420763275924310617663517043998239191666701706968     | [251 216 53 220 90 225 176 134 193 155 204 151 159 208 118 37 255 207 221 36]
147   | 1420852478905104740156083186871329785112725628632     | [251 216 53 220 90 225 176 134 193 155 204 151 159 208 118 37 255 207 221 36]
148   | 1421030884866692985141215472617510972004773471960     | [251 216 53 220 90 225 176 134 193 155 204 151 159 208 118 37 255 207 221 36]
149   | 1421387696789869475111480044109873345788869158616     | [251 216 53 220 90 225 176 134 193 155 204 151 159 208 118 37 255 207 221 36]
150   | 1422101320636222455052009187094598093357060531928     | [251 216 53 220 90 225 176 134 193 155 204 151 159 208 118 37 255 207 221 36]
151   | 1423528568328928414933067473064047588493443278552     | [251 216 53 220 90 225 176 134 193 155 204 151 159 208 118 37 255 207 221 36]
152   | 1426383063714340334695184045002946578766208771800     | [251 216 53 220 90 225 176 134 193 155 204 151 159 208 118 37 255 207 221 36]
153   | 1432092054485164174219417188880744559311739758296     | [251 216 53 220 90 225 176 134 193 155 204 151 159 208 118 37 255 207 221 36]
154   | 1443510036026811853267883476636340520402801731288     | [255 53 250 210 182 17 228 127 29 133 82 111 81 155 11 71 91 189 122 239]
155   | 4844361779204293161131219431249422928993134296     | [7 84 25 57 235 146 149 150 30 228 93 92 200 235 140 7 113 85 248 35]
156   | 50516287945795009354996370453633267293241026264     | [8 255 70 248 174 180 125 184 180 211 158 109 169 102 255 50 247 245 190 78]
157   | 141860140278976441742726672498400956021736810200     | [26 251 40 205 71 108 76 8 108 31 231 19 161 236 26 41 138 151 252 38]
158   | 324547844945339306518187276587936333478728378072     | [63 187 180 43 74 122 191 12 160 86 229 51 243 13 143 253 143 210 155 220]
159   | 689923254278065036069108484767007088392711513816     | [121 39 247 89 124 75 218 244 157 59 128 59 253 129 115 14 238 69 99 94]
Predecessor: [242 148 57 200 24 95 56 254 236 250 234 42 162 176 237 214 125 47 165 68]
hops: 2 latency: 41.154658
hops: 1 latency: 6.475794
hops: 1 latency: 4.480993
hops: 1 latency: 11.52492
hops: 1 latency: 3.432399
hops: 2 latency: 32.636846
hops: 1 latency: 5.480387
hops: 1 latency: 3.855738
hops: 1 latency: 4.085669
hops: 1 latency: 6.948548
hops: 1 latency: 9.762215
hops: 5 latency: 82.789418
hops: 1 latency: 5.185888
hops: 3 latency: 31.474114
hops: 1 latency: 4.107932
hops: 2 latency: 23.234825
hops: 1 latency: 3.677025
hops: 2 latency: 9.78256
hops: 4 latency: 46.67553
hops: 1 latency: 4.753257
hops: 1 latency: 10.085362
hops: 2 latency: 17.565475
hops: 1 latency: 5.669481
hops: 4 latency: 35.964935
hops: 2 latency: 17.906238
hops: 3 latency: 29.424678
hops: 4 latency: 42.434172
hops: 1 latency: 5.896968
hops: 1 latency: 3.77474
hops: 2 latency: 21.842271
hops: 1 latency: 2.713614
hops: 2 latency: 18.970568
hops: 1 latency: 1.77565
hops: 4 latency: 36.497747
hops: 1 latency: 5.450697
hops: 5 latency: 68.884332
hops: 1 latency: 6.966006
hops: 3 latency: 31.836106
hops: 1 latency: 4.47238
hops: 4 latency: 46.508513
hops: 1 latency: 5.498406
hops: 2 latency: 19.401091
hops: 1 latency: 5.159311
hops: 4 latency: 36.810992
hops: 1 latency: 3.804869
hops: 3 latency: 36.92681
hops: 1 latency: 5.676344
hops: 1 latency: 10.254696
hops: 1 latency: 3.538589
hops: 2 latency: 27.423352
hops: 1 latency: 6.936849
hops: 2 latency: 26.428384
hops: 1 latency: 2.880773
hops: 2 latency: 18.151971
hops: 1 latency: 4.708356
hops: 2 latency: 10.535745
hops: 2 latency: 18.173582
hops: 1 latency: 3.519609
hops: 3 latency: 26.060967
hops: 1 latency: 4.063615
hops: 1 latency: 7.617185
hops: 5 latency: 50.000186
hops: 1 latency: 3.48581
hops: 2 latency: 21.004721
hops: 1 latency: 3.990812
hops: 3 latency: 34.178659
hops: 1 latency: 3.576281
hops: 4 latency: 42.718488
hops: 1 latency: 4.026594
hops: 4 latency: 40.449607
hops: 1 latency: 5.941492
hops: 2 latency: 14.729151
hops: 1 latency: 4.517984
hops: 2 latency: 19.833004
hops: 1 latency: 5.351168
hops: 4 latency: 45.417903
hops: 1 latency: 8.121426
hops: 1 latency: 4.339442
hops: 4 latency: 40.21514
hops: 1 latency: 3.857434
hops: 2 latency: 18.618527
hops: 1 latency: 4.721604
hops: 3 latency: 38.625364
hops: 1 latency: 6.62251
hops: 3 latency: 24.445797
hops: 1 latency: 5.794745
hops: 2 latency: 23.270041
hops: 1 latency: 3.761489
hops: 2 latency: 20.311146
hops: 1 latency: 6.424568
hops: 3 latency: 27.905828
hops: 1 latency: 3.389497
hops: 3 latency: 26.673584
hops: 1 latency: 4.252958
hops: 3 latency: 30.956385
hops: 1 latency: 5.49374
hops: 4 latency: 44.559508
hops: 1 latency: 5.919545
hops: 2 latency: 18.175759
hops: 1 latency: 5.279567
hops: 2 latency: 19.556662
hops: 1 latency: 8.701528
hops: 1 latency: 4.834596
hops: 3 latency: 34.862365
hops: 1 latency: 4.45722
hops: 1 latency: 9.807228
hops: 1 latency: 4.329461
hops: 2 latency: 21.235732
hops: 1 latency: 4.628543
hops: 1 latency: 3.690595
hops: 3 latency: 31.137106
hops: 1 latency: 4.517747
hops: 1 latency: 9.109673
hops: 2 latency: 20.664216
hops: 3 latency: 28.023454
hops: 4 latency: 73.368029
hops: 1 latency: 4.373532
hops: 3 latency: 30.639577
hops: 1 latency: 4.150375
hops: 1 latency: 6.55926
hops: 2 latency: 23.982478
hops: 1 latency: 10.66404
hops: 1 latency: 3.987511
hops: 3 latency: 33.618664
hops: 1 latency: 4.018456
hops: 2 latency: 18.987089
hops: 1 latency: 3.486141
hops: 2 latency: 21.371158
hops: 1 latency: 3.97073
hops: 2 latency: 22.746633
hops: 1 latency: 4.747907
hops: 4 latency: 32.625174
hops: 1 latency: 4.106214
hops: 3 latency: 20.938646
hops: 1 latency: 4.562705
hops: 4 latency: 43.394933
hops: 1 latency: 5.199503
hops: 1 latency: 10.057831
hops: 1 latency: 4.048315
hops: 1 latency: 5.050329
hops: 1 latency: 6.669497
hops: 3 latency: 29.285215
hops: 1 latency: 2.668188
hops: 5 latency: 42.658583
hops: 1 latency: 3.698688
hops: 3 latency: 24.448481
hops: 1 latency: 7.123359
hops: 2 latency: 23.940947
hops: 1 latency: 5.831856
hops: 1 latency: 3.733115
hops: 2 latency: 6.223626
hops: 2 latency: 1.477081
hops: 3 latency: 4.496192
hops: 3 latency: 10.247655
hops: 1 latency: 4.42826
hops: 2 latency: 14.749186
hops: 1 latency: 3.544451
hops: 3 latency: 19.238875
hops: 1 latency: 6.591118
hops: 2 latency: 15.531496
hops: 1 latency: 4.255413
hops: 4 latency: 24.278825
hops: 1 latency: 4.581026
hops: 2 latency: 16.016226
hops: 1 latency: 6.387157
hops: 2 latency: 18.542437
hops: 1 latency: 4.564718
hops: 3 latency: 25.989655
hops: 1 latency: 4.242626
hops: 2 latency: 23.089797
hops: 1 latency: 4.914407
hops: 3 latency: 38.028064
hops: 1 latency: 4.86692
hops: 2 latency: 18.60578
hops: 1 latency: 4.035116
hops: 2 latency: 23.482659
hops: 1 latency: 4.419971
hops: 4 latency: 42.933457
hops: 1 latency: 5.351098
hops: 3 latency: 78.337088
hops: 1 latency: 0.812134
hops: 2 latency: 5.425888
hops: 3 latency: 4.486384
hops: 2 latency: 6.673434
hops: 1 latency: 1.151143
hops: 2 latency: 2.282379
hops: 3 latency: 2.941024
hops: 2 latency: 5.21153
hops: 4 latency: 11.499635
hops: 3 latency: 3.874386
hops: 1 latency: 5.596644
hops: 2 latency: 7.1931
hops: 4 latency: 3.344576
hops: 2 latency: 1.517195
hops: 4 latency: 4.827121
hops: 4 latency: 5.688032
hops: 5 latency: 3.467033
hops: 2 latency: 8.794813
hops: 1 latency: 5.704336
hops: 2 latency: 18.469008
PASS
ok  	chord	51.240s
